event,release_utc,direction,anchor_bid,anchor_ask,anchor_mid,end_mid,net_move,fakeout_usd,correct_move_usd,correct_extreme_utc,bars,data_source,minimum_observed_safe_offset_usd,correct_move_reached_case_safe_offset
CPI,2021-08-11T12:30:00+00:00,UP,1735.945,1736.442,1736.1935,1744.8215,8.628,0.367,11.27,2021-08-11T12:49:00+00:00,30,archived bid/ask M1,0.5,True
PPI,2021-08-12T12:30:00+00:00,UP,1747.393,1747.731,1747.562,1749.427,1.865,3.545,2.433,2021-08-12T12:49:00+00:00,30,archived bid/ask M1,4.0,False
NFP,2021-09-03T12:30:00+00:00,UP,1814.198,1814.793,1814.4955,1823.535,9.0395,0.523,15.029,2021-09-03T12:33:00+00:00,30,archived bid/ask M1,1.0,True
PPI,2021-09-10T12:30:00+00:00,DOWN,1797.964,1798.326,1798.145,1793.5935,-4.5515,2.466,5.446,2021-09-10T12:48:00+00:00,30,archived bid/ask M1,2.5,True
CPI,2021-09-14T12:30:00+00:00,UP,1784.117,1784.455,1784.286,1797.223,12.937,3.832,14.847,2021-09-14T12:57:00+00:00,30,archived bid/ask M1,4.0,True
FOMC,2021-09-22T18:00:00+00:00,UP,1776.016,1776.354,1776.185,1784.273,8.088,7.702,11.172,2021-09-22T18:16:00+00:00,30,archived bid/ask M1,8.0,True
NFP,2021-10-08T12:30:00+00:00,UP,1761.725,1762.162,1761.9435,1775.8935,13.95,0.0,14.9,2021-10-08T12:42:00+00:00,30,archived bid/ask M1,0.5,True
CPI,2021-10-13T12:30:00+00:00,DOWN,1775.228,1775.617,1775.4225,1761.697,-13.7255,2.255,17.107,2021-10-13T12:40:00+00:00,30,archived bid/ask M1,2.5,True
PPI,2021-10-14T12:30:00+00:00,UP,1796.568,1796.972,1796.77,1799.138,2.368,0.664,2.844,2021-10-14T12:44:00+00:00,30,archived bid/ask M1,1.0,True
GDP,2021-10-28T12:30:00+00:00,DOWN,1805.138,1805.592,1805.365,1799.155,-6.21,0.0,8.04,2021-10-28T12:47:00+00:00,30,archived bid/ask M1,0.5,True
FOMC,2021-11-03T18:00:00+00:00,UP,1764.758,1765.442,1765.1,1765.217,0.117,3.525,5.29,2021-11-03T18:00:00+00:00,30,archived bid/ask M1,4.0,True
NFP,2021-11-05T12:30:00+00:00,DOWN,1792.438,1792.686,1792.562,1791.073,-1.489,1.826,7.544,2021-11-05T12:32:00+00:00,30,archived bid/ask M1,2.0,True
PPI,2021-11-09T13:30:00+00:00,UP,1826.663,1827.062,1826.8625,1829.915,3.0525,2.245,3.336,2021-11-09T13:57:00+00:00,30,archived bid/ask M1,2.5,True
CPI,2021-11-10T13:30:00+00:00,UP,1826.158,1826.613,1826.3855,1849.795,23.4095,3.99,25.357,2021-11-10T13:44:00+00:00,30,archived bid/ask M1,4.0,True
NFP,2021-12-03T13:30:00+00:00,UP,1769.638,1770.142,1769.89,1770.1565,0.2665,0.03,8.843,2021-12-03T13:31:00+00:00,30,archived bid/ask M1,0.5,True
CPI,2021-12-10T13:30:00+00:00,UP,1774.318,1774.712,1774.515,1784.24,9.725,0.06,10.85,2021-12-10T13:58:00+00:00,30,archived bid/ask M1,0.5,True
PPI,2021-12-14T13:30:00+00:00,DOWN,1779.718,1780.052,1779.885,1772.2465,-7.6385,1.54,8.199,2021-12-14T13:54:00+00:00,30,archived bid/ask M1,2.0,True
FOMC,2021-12-15T19:00:00+00:00,UP,1762.648,1763.322,1762.985,1763.045,0.06,9.72,3.68,2021-12-15T19:14:00+00:00,30,archived bid/ask M1,10.0,False
NFP,2022-01-07T13:30:00+00:00,UP,1788.618,1789.291,1788.9545,1789.32,0.3655,0.123,7.301,2022-01-07T13:31:00+00:00,30,archived bid/ask M1,0.5,True
CPI,2022-01-12T13:30:00+00:00,UP,1818.958,1819.412,1819.185,1821.327,2.142,1.85,6.21,2022-01-12T13:44:00+00:00,30,archived bid/ask M1,2.0,True
PPI,2022-01-13T13:30:00+00:00,UP,1820.648,1821.042,1820.845,1822.015,1.17,1.57,3.354,2022-01-13T13:39:00+00:00,30,archived bid/ask M1,2.0,True
FOMC,2022-01-26T19:00:00+00:00,UP,1828.948,1829.572,1829.26,1832.025,2.765,0.03,3.94,2022-01-26T19:00:00+00:00,30,archived bid/ask M1,0.5,True
GDP,2022-01-27T13:30:00+00:00,DOWN,1806.158,1806.602,1806.38,1799.975,-6.405,0.2,8.254,2022-01-27T13:56:00+00:00,30,archived bid/ask M1,0.5,True
NFP,2022-02-04T13:30:00+00:00,DOWN,1812.972,1813.322,1813.147,1795.5,-17.647,0.513,17.972,2022-02-04T13:59:00+00:00,30,archived bid/ask M1,1.0,True
CPI,2022-02-10T13:30:00+00:00,UP,1829.938,1830.322,1830.13,1830.41,0.28,8.404,7.19,2022-02-10T13:42:00+00:00,30,archived bid/ask M1,8.5,False
PPI,2022-02-15T13:30:00+00:00,UP,1847.408,1847.802,1847.605,1850.455,2.85,2.85,6.074,2022-02-15T13:40:00+00:00,30,archived bid/ask M1,3.0,True
NFP,2022-03-04T13:30:00+00:00,UP,1944.467,1944.889,1944.678,1946.98,2.302,2.174,3.633,2022-03-04T13:54:00+00:00,30,archived bid/ask M1,2.5,True
CPI,2022-03-10T13:30:00+00:00,DOWN,2002.188,2002.642,2002.415,1996.599,-5.816,6.67,10.56,2022-03-10T13:51:00+00:00,30,archived bid/ask M1,7.0,True
PPI,2022-03-15T12:30:00+00:00,DOWN,1922.926,1923.352,1923.139,1920.8725,-2.2665,1.495,3.673,2022-03-15T12:31:00+00:00,30,archived bid/ask M1,1.5,True
FOMC,2022-03-16T18:00:00+00:00,DOWN,1907.523,1908.372,1907.9475,1904.4135,-3.534,8.18,12.575,2022-03-16T18:20:00+00:00,30,archived bid/ask M1,8.5,True
NFP,2022-04-01T12:30:00+00:00,DOWN,1929.844,1930.322,1930.083,1927.4855,-2.5975,1.06,4.434,2022-04-01T12:31:00+00:00,30,archived bid/ask M1,1.5,True
CPI,2022-04-12T12:30:00+00:00,UP,1955.378,1955.841,1955.6095,1970.5025,14.893,0.026,16.469,2022-04-12T12:55:00+00:00,30,archived bid/ask M1,0.5,True
PPI,2022-04-13T12:30:00+00:00,UP,1975.573,1975.918,1975.7455,1977.5555,1.81,2.995,3.194,2022-04-13T12:43:00+00:00,30,archived bid/ask M1,3.0,True
GDP,2022-04-28T12:30:00+00:00,UP,1883.093,1883.587,1883.34,1885.635,2.295,0.075,12.061,2022-04-28T12:34:00+00:00,30,archived bid/ask M1,0.5,True
FOMC,2022-05-04T18:00:00+00:00,UP,1866.698,1867.277,1866.9875,1875.385,8.3975,2.35,8.995,2022-05-04T18:05:00+00:00,30,archived bid/ask M1,2.5,True
NFP,2022-05-06T12:30:00+00:00,DOWN,1884.118,1884.922,1884.52,1876.635,-7.885,5.45,8.16,2022-05-06T12:53:00+00:00,30,archived bid/ask M1,5.5,True
CPI,2022-05-11T12:30:00+00:00,DOWN,1849.616,1849.892,1849.754,1839.5825,-10.1715,0.575,14.718,2022-05-11T12:41:00+00:00,30,archived bid/ask M1,1.0,True
PPI,2022-05-12T12:30:00+00:00,UP,1843.816,1844.372,1844.094,1845.2575,1.1635,0.4,3.52,2022-05-12T12:43:00+00:00,30,archived bid/ask M1,0.5,True
NFP,2022-06-03T12:30:00+00:00,DOWN,1863.308,1863.942,1863.625,1858.422,-5.203,2.24,6.78,2022-06-03T12:40:00+00:00,30,archived bid/ask M1,2.5,True
CPI,2022-06-10T12:30:00+00:00,UP,1833.513,1833.862,1833.6875,1838.2655,4.578,8.565,12.179,2022-06-10T12:41:00+00:00,30,archived bid/ask M1,9.0,True
PPI,2022-06-14T12:30:00+00:00,UP,1819.708,1820.202,1819.955,1820.153,0.198,2.32,2.88,2022-06-14T12:48:00+00:00,30,archived bid/ask M1,2.5,True
FOMC,2022-06-15T18:00:00+00:00,UP,1820.858,1821.822,1821.34,1823.1885,1.8485,7.89,5.63,2022-06-15T18:18:00+00:00,30,archived bid/ask M1,8.0,False
NFP,2022-07-08T12:30:00+00:00,DOWN,1740.81,1741.306,1741.058,1738.6005,-2.4575,0.85,7.891,2022-07-08T12:31:00+00:00,30,archived bid/ask M1,1.0,True
CPI,2022-07-13T12:30:00+00:00,DOWN,1729.445,1729.889,1729.667,1712.7885,-16.8785,0.03,22.497,2022-07-13T12:42:00+00:00,30,archived bid/ask M1,0.5,True
PPI,2022-07-14T12:30:00+00:00,DOWN,1712.529,1712.916,1712.7225,1709.4225,-3.3,2.338,4.891,2022-07-14T12:45:00+00:00,30,archived bid/ask M1,2.5,True
FOMC,2022-07-27T18:00:00+00:00,UP,1721.605,1722.006,1721.8055,1725.47,3.6645,1.457,5.383,2022-07-27T18:04:00+00:00,30,archived bid/ask M1,1.5,True
GDP,2022-07-28T12:30:00+00:00,UP,1737.205,1737.612,1737.4085,1744.7505,7.342,0.387,12.56,2022-07-28T12:50:00+00:00,30,archived bid/ask M1,0.5,True
NFP,2022-08-05T12:30:00+00:00,DOWN,1788.58,1789.162,1788.871,1769.067,-19.804,0.0,21.248,2022-08-05T12:57:00+00:00,30,archived bid/ask M1,0.5,True
CPI,2022-08-10T12:30:00+00:00,UP,1790.378,1790.662,1790.52,1797.43,6.91,0.588,17.51,2022-08-10T12:40:00+00:00,30,archived bid/ask M1,1.0,True
PPI,2022-08-11T12:30:00+00:00,DOWN,1797.284,1797.706,1797.495,1796.8315,-0.6635,1.88,4.694,2022-08-11T12:36:00+00:00,30,archived bid/ask M1,2.0,True
NFP,2022-09-02T12:30:00+00:00,UP,1704.974,1705.396,1705.185,1708.868,3.683,0.09,10.066,2022-09-02T12:30:00+00:00,30,archived bid/ask M1,0.5,True
CPI,2022-09-13T12:30:00+00:00,DOWN,1730.808,1731.232,1731.02,1703.9205,-27.0995,0.044,27.834,2022-09-13T12:57:00+00:00,30,archived bid/ask M1,0.5,True
PPI,2022-09-14T12:30:00+00:00,UP,1703.366,1703.727,1703.5465,1705.923,2.3765,4.198,3.595,2022-09-14T12:52:00+00:00,30,archived bid/ask M1,4.5,False
FOMC,2022-09-21T18:00:00+00:00,DOWN,1668.508,1669.292,1668.9,1665.57,-3.33,0.07,14.859,2022-09-21T18:07:00+00:00,30,archived bid/ask M1,0.5,True
NFP,2022-10-07T12:30:00+00:00,DOWN,1710.037,1710.825,1710.431,1697.972,-12.459,2.817,19.533,2022-10-07T12:52:00+00:00,30,archived bid/ask M1,3.0,True
PPI,2022-10-12T12:30:00+00:00,UP,1670.445,1670.855,1670.65,1671.673,1.023,5.629,1.827,2022-10-12T12:52:00+00:00,30,archived bid/ask M1,6.0,False
CPI,2022-10-13T12:30:00+00:00,DOWN,1674.395,1674.839,1674.617,1654.66,-19.957,0.106,29.707,2022-10-13T12:47:00+00:00,30,archived bid/ask M1,0.5,True
GDP,2022-10-27T12:30:00+00:00,DOWN,1660.672,1662.253,1661.4625,1660.1895,-1.273,0.299,4.874,2022-10-27T12:48:00+00:00,30,archived bid/ask M1,0.5,True
FOMC,2022-11-02T18:00:00+00:00,UP,1650.1745,1650.542,1650.35825,1664.81825,14.46,2.29,15.281,2022-11-02T18:10:00+00:00,30,archived bid/ask M1,2.5,True
NFP,2022-11-04T12:30:00+00:00,UP,1650.1555,1650.523,1650.33925,1659.72925,9.39,6.481,10.339,2022-11-04T12:59:00+00:00,30,archived bid/ask M1,6.5,True
CPI,2022-11-10T13:30:00+00:00,UP,1711.7955,1712.163,1711.97925,1733.18825,21.209,0.09,25.21,2022-11-10T13:47:00+00:00,30,archived bid/ask M1,0.5,True
PPI,2022-11-15T13:30:00+00:00,UP,1775.297,1775.783,1775.54,1777.2855,1.7455,0.0,11.0,2022-11-15T13:34:00+00:00,30,archived bid/ask M1,0.5,True
NFP,2022-12-02T13:30:00+00:00,DOWN,1798.6545,1799.022,1798.83825,1785.73825,-13.1,0.721,20.27,2022-12-02T13:45:00+00:00,30,archived bid/ask M1,1.0,True
PPI,2022-12-09T13:30:00+00:00,DOWN,1801.207,1801.5745,1801.39075,1798.06175,-3.329,3.811,11.19,2022-12-09T13:30:00+00:00,30,archived bid/ask M1,4.0,True
CPI,2022-12-13T13:30:00+00:00,UP,1790.278,1791.135,1790.7065,1811.056,20.3495,0.736,24.068,2022-12-13T13:30:00+00:00,30,archived bid/ask M1,1.0,True
FOMC,2022-12-14T19:00:00+00:00,DOWN,1809.525,1810.442,1809.9835,1802.555,-7.4285,0.141,14.517,2022-12-14T19:00:00+00:00,30,archived bid/ask M1,0.5,True
NFP,2023-01-06T13:30:00+00:00,UP,1835.527,1836.413,1835.97,1851.805,15.835,1.05,16.409,2023-01-06T13:58:00+00:00,30,archived bid/ask M1,1.5,True
CPI,2023-01-12T13:30:00+00:00,UP,1886.897,1887.742,1887.3195,1899.749,12.4295,14.137,14.113,2023-01-12T13:55:00+00:00,30,archived bid/ask M1,14.5,False
PPI,2023-01-18T13:30:00+00:00,UP,1917.745,1918.542,1918.1435,1921.39,3.2465,0.01,6.091,2023-01-18T13:31:00+00:00,30,archived bid/ask M1,0.5,True
GDP,2023-01-26T13:30:00+00:00,DOWN,1937.585,1938.092,1937.8385,1937.675,-0.1635,0.0,6.58,2023-01-26T13:30:00+00:00,30,archived bid/ask M1,0.5,True
FOMC,2023-02-01T19:00:00+00:00,DOWN,1927.085,1928.355,1927.72,1925.015,-2.705,0.0,6.057,2023-02-01T19:00:00+00:00,30,archived bid/ask M1,0.5,True
NFP,2023-02-03T13:30:00+00:00,DOWN,1913.438,1914.182,1913.81,1886.84,-26.97,0.273,30.783,2023-02-03T13:52:00+00:00,30,archived bid/ask M1,0.5,True
CPI,2023-02-14T13:30:00+00:00,UP,1860.037,1860.993,1860.515,1862.579,2.064,10.122,9.96,2023-02-14T13:33:00+00:00,30,archived bid/ask M1,10.5,False
PPI,2023-02-16T13:30:00+00:00,DOWN,1836.383,1836.713,1836.548,1830.88,-5.668,1.432,8.811,2023-02-16T13:49:00+00:00,30,archived bid/ask M1,1.5,True
NFP,2023-03-10T13:30:00+00:00,UP,1833.604,1834.482,1834.043,1842.555,8.512,2.22,10.683,2023-03-10T13:51:00+00:00,30,archived bid/ask M1,2.5,True
CPI,2023-03-14T12:30:00+00:00,UP,1906.108,1906.895,1906.5015,1910.1335,3.632,7.2,5.391,2023-03-14T12:32:00+00:00,30,archived bid/ask M1,7.5,False
PPI,2023-03-15T12:30:00+00:00,UP,1919.164,1919.636,1919.4,1927.8985,8.4985,0.14,10.839,2023-03-15T12:53:00+00:00,30,archived bid/ask M1,0.5,True
FOMC,2023-03-22T18:00:00+00:00,UP,1945.714,1947.006,1946.36,1960.07,13.71,0.0,19.79,2023-03-22T18:03:00+00:00,30,archived bid/ask M1,0.5,True
CPI,2023-04-12T12:30:00+00:00,UP,2007.104,2008.056,2007.58,2022.34,14.76,0.02,20.449,2023-04-12T12:36:00+00:00,30,archived bid/ask M1,0.5,True
PPI,2023-04-13T12:30:00+00:00,UP,2028.666,2028.996,2028.831,2045.11,16.279,2.144,17.11,2023-04-13T12:55:00+00:00,30,archived bid/ask M1,2.5,True
GDP,2023-04-27T12:30:00+00:00,DOWN,1997.525,1998.135,1997.83,1985.953,-11.877,5.757,15.847,2023-04-27T12:44:00+00:00,30,archived bid/ask M1,6.0,True
FOMC,2023-05-03T18:00:00+00:00,DOWN,2023.195,2024.332,2023.7635,2022.2455,-1.518,11.97,3.97,2023-05-03T18:10:00+00:00,30,archived bid/ask M1,12.0,False
NFP,2023-05-05T12:30:00+00:00,DOWN,2033.558,2034.385,2033.9715,2010.3995,-23.572,0.0,25.953,2023-05-05T12:44:00+00:00,30,archived bid/ask M1,0.5,True
CPI,2023-05-10T12:30:00+00:00,UP,2029.628,2030.922,2030.275,2045.6645,15.3895,0.0,17.573,2023-05-10T12:44:00+00:00,30,archived bid/ask M1,0.5,True
PPI,2023-05-11T12:30:00+00:00,UP,2033.654,2034.126,2033.89,2037.5445,3.6545,0.0,7.496,2023-05-11T12:30:00+00:00,30,archived bid/ask M1,0.5,True
NFP,2023-06-02T12:30:00+00:00,DOWN,1978.434,1979.486,1978.96,1971.0115,-7.9485,0.506,9.929,2023-06-02T12:52:00+00:00,30,archived bid/ask M1,1.0,True
CPI,2023-06-13T12:30:00+00:00,UP,1959.684,1961.176,1960.43,1961.445,1.015,10.42,10.206,2023-06-13T12:30:00+00:00,30,archived bid/ask M1,10.5,False
PPI,2023-06-14T12:30:00+00:00,UP,1948.514,1949.192,1948.853,1957.185,8.332,2.416,11.344,2023-06-14T12:45:00+00:00,30,archived bid/ask M1,2.5,True
FOMC,2023-06-14T18:00:00+00:00,DOWN,1953.394,1953.866,1953.63,1944.875,-8.755,0.3,13.496,2023-06-14T18:06:00+00:00,30,archived bid/ask M1,0.5,True
NFP,2023-07-07T12:30:00+00:00,DOWN,1920.884,1921.46,1921.172,1918.8595,-2.3125,8.534,3.766,2023-07-07T12:30:00+00:00,30,archived bid/ask M1,9.0,False
CPI,2023-07-12T12:30:00+00:00,UP,1935.044,1935.516,1935.28,1943.26,7.98,0.42,14.789,2023-07-12T12:37:00+00:00,30,archived bid/ask M1,0.5,True
PPI,2023-07-13T12:30:00+00:00,DOWN,1958.784,1959.742,1959.263,1957.5815,-1.6815,4.35,6.539,2023-07-13T12:40:00+00:00,30,archived bid/ask M1,4.5,True
FOMC,2023-07-26T18:00:00+00:00,DOWN,1969.155,1969.932,1969.5435,1967.785,-1.7585,3.47,3.87,2023-07-26T18:00:00+00:00,30,archived bid/ask M1,3.5,True
GDP,2023-07-27T12:30:00+00:00,DOWN,1973.884,1974.356,1974.12,1960.3105,-13.8095,1.719,15.979,2023-07-27T12:56:00+00:00,30,archived bid/ask M1,2.0,True
NFP,2023-08-04T12:30:00+00:00,UP,1932.135,1932.886,1932.5105,1939.1185,6.608,7.237,10.149,2023-08-04T12:42:00+00:00,30,archived bid/ask M1,7.5,True
CPI,2023-08-10T12:30:00+00:00,UP,1923.515,1924.585,1924.05,1926.3,2.25,0.0,5.79,2023-08-10T12:32:00+00:00,30,archived bid/ask M1,0.5,True
PPI,2023-08-11T12:30:00+00:00,DOWN,1920.064,1920.536,1920.3,1916.145,-4.155,0.0,7.059,2023-08-11T12:50:00+00:00,30,archived bid/ask M1,0.5,True
NFP,2023-09-01T12:30:00+00:00,UP,1945.704,1946.295,1945.9995,1949.955,3.9555,0.99,6.99,2023-09-01T12:31:00+00:00,30,archived bid/ask M1,1.0,True
CPI,2023-09-13T12:30:00+00:00,UP,1911.495,1912.065,1911.78,1912.35,0.57,5.94,2.657,2023-09-13T12:52:00+00:00,30,archived bid/ask M1,6.0,False
PPI,2023-09-14T12:30:00+00:00,DOWN,1907.544,1908.016,1907.78,1904.49,-3.29,0.329,6.509,2023-09-14T12:38:00+00:00,30,archived bid/ask M1,0.5,True
FOMC,2023-09-20T18:00:00+00:00,DOWN,1946.058,1946.505,1946.2815,1942.985,-3.2965,0.23,6.914,2023-09-20T18:10:00+00:00,30,archived bid/ask M1,0.5,True
NFP,2023-10-06T12:30:00+00:00,DOWN,1819.335,1820.175,1819.755,1815.145,-4.61,0.25,9.047,2023-10-06T12:47:00+00:00,30,archived bid/ask M1,0.5,True
PPI,2023-10-11T12:30:00+00:00,UP,1870.674,1871.146,1870.91,1872.94,2.03,3.556,2.069,2023-10-11T12:58:00+00:00,30,archived bid/ask M1,4.0,False
CPI,2023-10-12T12:30:00+00:00,DOWN,1884.255,1884.825,1884.54,1879.125,-5.415,0.28,9.02,2023-10-12T12:41:00+00:00,30,archived bid/ask M1,0.5,True
GDP,2023-10-26T12:30:00+00:00,DOWN,1983.255,1983.855,1983.555,1979.58,-3.975,2.32,8.671,2023-10-26T12:47:00+00:00,30,archived bid/ask M1,2.5,True
FOMC,2023-11-01T18:00:00+00:00,UP,1977.635,1978.392,1978.0135,1978.73,0.7165,0.02,4.033,2023-11-01T18:00:00+00:00,30,archived bid/ask M1,0.5,True
NFP,2023-11-03T12:30:00+00:00,UP,1988.525,1989.782,1989.1535,2000.235,11.0815,0.047,14.483,2023-11-03T12:46:00+00:00,30,archived bid/ask M1,0.5,True
CPI,2023-11-14T13:30:00+00:00,UP,1945.405,1946.055,1945.73,1954.39,8.66,7.427,13.441,2023-11-14T13:32:00+00:00,30,archived bid/ask M1,7.5,True
PPI,2023-11-15T13:30:00+00:00,DOWN,1971.324,1971.775,1971.5495,1965.675,-5.8745,3.82,8.049,2023-11-15T13:43:00+00:00,30,archived bid/ask M1,4.0,True
NFP,2023-12-08T13:30:00+00:00,DOWN,2027.295,2027.985,2027.64,2018.625,-9.015,0.591,12.98,2023-12-08T13:37:00+00:00,30,archived bid/ask M1,1.0,True
CPI,2023-12-12T13:30:00+00:00,DOWN,1990.275,1990.925,1990.6,1984.495,-6.105,6.161,7.69,2023-12-12T13:46:00+00:00,30,archived bid/ask M1,6.5,True
PPI,2023-12-13T13:30:00+00:00,UP,1981.605,1981.935,1981.77,1984.55,2.78,0.26,5.043,2023-12-13T13:32:00+00:00,30,archived bid/ask M1,0.5,True
FOMC,2023-12-13T19:00:00+00:00,UP,1981.678,1982.008,1981.843,2006.13,24.287,0.0,26.257,2023-12-13T19:23:00+00:00,30,archived bid/ask M1,0.5,True
NFP,2024-01-05T13:30:00+00:00,UP,2038.985,2039.675,2039.33,2040.045,0.715,14.73,2.49,2024-01-05T13:53:00+00:00,30,archived bid/ask M1,15.0,False
CPI,2024-01-11T13:30:00+00:00,DOWN,2037.198,2038.035,2037.6165,2029.48,-8.1365,9.131,12.223,2024-01-11T13:32:00+00:00,30,archived bid/ask M1,9.5,True
PPI,2024-01-12T13:30:00+00:00,UP,2048.328,2048.962,2048.645,2056.205,7.56,0.013,7.89,2024-01-12T13:59:00+00:00,30,archived bid/ask M1,0.5,True
GDP,2024-01-25T13:30:00+00:00,UP,2016.445,2016.885,2016.665,2019.455,2.79,6.99,6.537,2024-01-25T13:38:00+00:00,30,archived bid/ask M1,7.0,False
FOMC,2024-01-31T19:00:00+00:00,DOWN,2046.245,2046.805,2046.525,2042.605,-3.92,1.987,7.17,2024-01-31T19:00:00+00:00,30,archived bid/ask M1,2.0,True
NFP,2024-02-02T13:30:00+00:00,DOWN,2052.315,2053.155,2052.735,2031.82,-20.915,0.33,22.78,2024-02-02T13:57:00+00:00,30,archived bid/ask M1,0.5,True
CPI,2024-02-13T13:30:00+00:00,DOWN,2029.588,2029.975,2029.7815,2004.4315,-25.35,3.31,26.743,2024-02-13T13:58:00+00:00,30,archived bid/ask M1,3.5,True
PPI,2024-02-16T13:30:00+00:00,DOWN,2006.628,2007.015,2006.8215,2001.4915,-5.33,0.007,11.71,2024-02-16T13:36:00+00:00,30,archived bid/ask M1,0.5,True
NFP,2024-03-08T13:30:00+00:00,UP,2164.125,2165.565,2164.845,2171.24,6.395,8.347,20.07,2024-03-08T13:42:00+00:00,30,archived bid/ask M1,8.5,True
CPI,2024-03-12T12:30:00+00:00,DOWN,2170.378,2170.765,2170.5715,2169.8115,-0.76,0.0,9.17,2024-03-12T12:30:00+00:00,30,archived bid/ask M1,0.5,True
PPI,2024-03-14T12:30:00+00:00,DOWN,2167.035,2167.695,2167.365,2162.84,-4.525,2.94,6.69,2024-03-14T12:58:00+00:00,30,archived bid/ask M1,3.0,True
FOMC,2024-03-20T18:00:00+00:00,UP,2157.525,2157.912,2157.7185,2168.9715,11.253,0.237,17.473,2024-03-20T18:07:00+00:00,30,archived bid/ask M1,0.5,True
NFP,2024-04-05T12:30:00+00:00,DOWN,2295.595,2296.705,2296.15,2290.9,-5.25,0.0,15.36,2024-04-05T12:33:00+00:00,30,archived bid/ask M1,0.5,True
CPI,2024-04-10T12:30:00+00:00,DOWN,2349.558,2350.545,2350.0515,2338.46,-11.5915,0.05,21.558,2024-04-10T12:33:00+00:00,30,archived bid/ask M1,0.5,True
PPI,2024-04-11T12:30:00+00:00,UP,2335.205,2335.835,2335.52,2341.395,5.875,3.06,8.83,2024-04-11T12:36:00+00:00,30,archived bid/ask M1,3.5,True
GDP,2024-04-25T12:30:00+00:00,UP,2326.625,2327.175,2326.9,2330.765,3.865,3.41,7.76,2024-04-25T12:52:00+00:00,30,archived bid/ask M1,3.5,True
FOMC,2024-05-01T18:00:00+00:00,UP,2299.445,2300.885,2300.165,2313.52,13.355,4.0,13.23,2024-05-01T18:29:00+00:00,30,archived bid/ask M1,4.5,True
NFP,2024-05-03T12:30:00+00:00,UP,2295.658,2296.815,2296.2365,2304.8835,8.647,0.0,24.107,2024-05-03T12:30:00+00:00,30,archived bid/ask M1,0.5,True
PPI,2024-05-14T12:30:00+00:00,UP,2343.445,2343.985,2343.715,2348.2315,4.5165,7.05,6.58,2024-05-14T12:52:00+00:00,30,archived bid/ask M1,7.5,False
CPI,2024-05-15T12:30:00+00:00,UP,2360.285,2362.392,2361.3385,2372.675,11.3365,0.237,17.013,2024-05-15T12:30:00+00:00,30,archived bid/ask M1,0.5,True
NFP,2024-06-07T12:30:00+00:00,DOWN,2333.075,2334.762,2333.9185,2319.3985,-14.52,2.483,19.671,2024-06-07T12:31:00+00:00,30,archived bid/ask M1,2.5,True
CPI,2024-06-12T12:30:00+00:00,UP,2315.448,2315.835,2315.6415,2336.0515,20.41,0.0,22.14,2024-06-12T12:58:00+00:00,30,archived bid/ask M1,0.5,True
FOMC,2024-06-12T18:00:00+00:00,DOWN,2335.708,2336.095,2335.9015,2330.8685,-5.033,0.16,12.31,2024-06-12T18:00:00+00:00,30,archived bid/ask M1,0.5,True
PPI,2024-06-13T12:30:00+00:00,UP,2307.345,2307.985,2307.665,2323.4215,15.7565,1.661,18.937,2024-06-13T12:37:00+00:00,30,archived bid/ask M1,2.0,True
NFP,2024-07-05T12:30:00+00:00,UP,2366.858,2367.245,2367.0515,2372.2215,5.17,16.743,9.16,2024-07-05T12:32:00+00:00,30,archived bid/ask M1,17.0,False
CPI,2024-07-11T12:30:00+00:00,UP,2378.228,2382.182,2380.205,2406.43,26.225,0.56,27.823,2024-07-11T12:58:00+00:00,30,archived bid/ask M1,1.0,True
PPI,2024-07-12T12:30:00+00:00,DOWN,2402.958,2403.355,2403.1565,2397.9785,-5.178,0.12,11.633,2024-07-12T12:41:00+00:00,30,archived bid/ask M1,0.5,True
GDP,2024-07-25T12:30:00+00:00,DOWN,2373.625,2374.425,2374.025,2371.2085,-2.8165,3.47,9.831,2024-07-25T12:35:00+00:00,30,archived bid/ask M1,3.5,True
FOMC,2024-07-31T18:00:00+00:00,DOWN,2425.555,2427.075,2426.315,2425.1435,-1.1715,0.801,4.161,2024-07-31T18:00:00+00:00,30,archived bid/ask M1,1.0,True
NFP,2024-08-02T12:30:00+00:00,UP,2456.035,2457.225,2456.63,2472.9415,16.3115,0.2,20.77,2024-08-02T12:35:00+00:00,30,archived bid/ask M1,0.5,True
PPI,2024-08-13T12:30:00+00:00,UP,2465.435,2466.145,2465.79,2467.69,1.9,0.51,6.6,2024-08-13T12:30:00+00:00,30,archived bid/ask M1,1.0,True
CPI,2024-08-14T12:30:00+00:00,DOWN,2472.178,2472.565,2472.3715,2468.8615,-3.51,8.435,9.763,2024-08-14T12:33:00+00:00,30,archived bid/ask M1,8.5,True
NFP,2024-09-06T12:30:00+00:00,UP,2515.368,2517.335,2516.3515,2522.3065,5.955,8.513,12.18,2024-09-06T12:37:00+00:00,30,archived bid/ask M1,9.0,True
CPI,2024-09-11T12:30:00+00:00,DOWN,2518.358,2521.582,2519.97,2508.2395,-11.7305,3.01,16.33,2024-09-11T12:46:00+00:00,30,archived bid/ask M1,3.5,True
PPI,2024-09-12T12:30:00+00:00,UP,2520.225,2521.692,2520.9585,2528.6,7.6415,1.45,13.873,2024-09-12T12:46:00+00:00,30,archived bid/ask M1,1.5,True
FOMC,2024-09-18T18:00:00+00:00,UP,2567.308,2568.342,2567.825,2594.45,26.625,0.723,29.658,2024-09-18T18:23:00+00:00,30,archived bid/ask M1,1.0,True
NFP,2024-10-04T12:30:00+00:00,DOWN,2656.308,2658.002,2657.155,2638.95,-18.205,0.453,24.24,2024-10-04T12:56:00+00:00,30,archived bid/ask M1,0.5,True
CPI,2024-10-10T12:30:00+00:00,UP,2612.048,2615.002,2613.525,2625.095,11.57,10.314,12.66,2024-10-10T12:50:00+00:00,30,archived bid/ask M1,10.5,True
PPI,2024-10-11T12:30:00+00:00,DOWN,2645.868,2646.582,2646.225,2643.1185,-3.1065,3.863,5.403,2024-10-11T12:47:00+00:00,30,archived bid/ask M1,4.0,True
GDP,2024-10-30T12:30:00+00:00,UP,2778.258,2779.035,2778.6465,2782.5935,3.947,1.843,4.67,2024-10-30T12:53:00+00:00,30,archived bid/ask M1,2.0,True
NFP,2024-11-01T12:30:00+00:00,UP,2748.938,2753.142,2751.04,2753.8565,2.8165,0.953,6.923,2024-11-01T12:38:00+00:00,30,archived bid/ask M1,1.0,True
FOMC,2024-11-07T19:00:00+00:00,DOWN,2695.758,2696.145,2695.9515,2690.5815,-5.37,2.36,7.19,2024-11-07T19:05:00+00:00,30,archived bid/ask M1,2.5,True
CPI,2024-11-13T13:30:00+00:00,UP,2609.185,2609.572,2609.3785,2612.4485,3.07,0.0,9.593,2024-11-13T13:30:00+00:00,30,archived bid/ask M1,0.5,True
PPI,2024-11-14T13:30:00+00:00,UP,2555.338,2556.132,2555.735,2557.225,1.49,3.85,4.363,2024-11-14T13:43:00+00:00,30,archived bid/ask M1,4.0,True
NFP,2024-12-06T13:30:00+00:00,UP,2634.618,2636.205,2635.4115,2635.8,0.3885,1.284,7.86,2024-12-06T13:30:00+00:00,30,archived bid/ask M1,1.5,True
CPI,2024-12-11T13:30:00+00:00,UP,2693.455,2697.072,2695.2635,2701.125,5.8615,0.527,5.373,2024-12-11T13:57:00+00:00,30,archived bid/ask M1,1.0,True
PPI,2024-12-12T13:30:00+00:00,DOWN,2707.228,2709.972,2708.6,2697.6145,-10.9855,3.814,10.144,2024-12-12T13:59:00+00:00,30,archived bid/ask M1,4.0,True
FOMC,2024-12-18T19:00:00+00:00,DOWN,2635.768,2637.572,2636.67,2619.95,-16.72,1.254,20.693,2024-12-18T19:09:00+00:00,30,archived bid/ask M1,1.5,True
NFP,2025-01-10T13:30:00+00:00,UP,2676.555,2678.805,2677.68,2682.72,5.04,13.35,4.91,2025-01-10T13:58:00+00:00,30,archived bid/ask M1,13.5,False
PPI,2025-01-14T13:30:00+00:00,DOWN,2665.979,2667.692,2666.8355,2662.992,-3.8435,7.143,5.164,2025-01-14T13:38:00+00:00,30,archived bid/ask M1,7.5,False
CPI,2025-01-15T13:30:00+00:00,UP,2682.685,2685.172,2683.9285,2693.83,9.9015,0.0,9.42,2025-01-15T13:59:00+00:00,30,archived bid/ask M1,0.5,True
FOMC,2025-01-29T19:00:00+00:00,DOWN,2751.0,2752.472,2751.736,2745.855,-5.881,0.63,6.0,2025-01-29T19:25:00+00:00,30,archived bid/ask M1,1.0,True
GDP,2025-01-30T13:30:00+00:00,UP,2780.468,2782.355,2781.4115,2785.7465,4.335,3.513,3.99,2025-01-30T13:58:00+00:00,30,archived bid/ask M1,4.0,False
NFP,2025-02-07T13:30:00+00:00,DOWN,2863.125,2864.772,2863.9485,2862.6515,-1.297,8.42,11.04,2025-02-07T13:33:00+00:00,30,archived bid/ask M1,8.5,True
CPI,2025-02-12T13:30:00+00:00,UP,2875.485,2878.542,2877.0135,2884.83,7.8165,11.8,7.533,2025-02-12T13:59:00+00:00,30,archived bid/ask M1,12.0,False
PPI,2025-02-13T13:30:00+00:00,DOWN,2911.038,2913.472,2912.255,2908.625,-3.63,4.77,5.49,2025-02-13T13:52:00+00:00,30,archived bid/ask M1,5.0,True
NFP,2025-03-07T13:30:00+00:00,UP,2911.438,2913.872,2912.655,2913.8415,1.1865,0.91,12.853,2025-03-07T13:37:00+00:00,30,archived bid/ask M1,1.0,True
CPI,2025-03-12T12:30:00+00:00,UP,2913.615,2915.342,2914.4785,2917.58,3.1015,0.507,8.443,2025-03-12T12:32:00+00:00,30,archived bid/ask M1,1.0,True
PPI,2025-03-13T12:30:00+00:00,DOWN,2942.538,2944.342,2943.44,2942.4635,-0.9765,5.28,1.538,2025-03-13T12:58:00+00:00,30,archived bid/ask M1,5.5,False
FOMC,2025-03-19T18:00:00+00:00,UP,3029.528,3031.822,3030.675,3037.73,7.055,0.99,9.833,2025-03-19T18:24:00+00:00,30,archived bid/ask M1,1.0,True
NFP,2025-04-04T12:30:00+00:00,DOWN,3095.568,3098.565,3097.0665,3071.1815,-25.885,4.16,26.597,2025-04-04T12:55:00+00:00,30,archived bid/ask M1,4.5,True
CPI,2025-04-10T12:30:00+00:00,DOWN,3124.845,3127.675,3126.26,3123.03,-3.23,7.63,8.78,2025-04-10T12:40:00+00:00,30,archived bid/ask M1,8.0,True
PPI,2025-04-11T12:30:00+00:00,UP,3225.765,3226.345,3226.055,3234.065,8.01,2.76,8.4,2025-04-11T12:59:00+00:00,30,archived bid/ask M1,3.0,True
GDP,2025-04-30T12:30:00+00:00,UP,3289.925,3290.505,3290.215,3298.885,8.67,6.48,14.87,2025-04-30T12:50:00+00:00,30,archived bid/ask M1,6.5,True
NFP,2025-05-02T12:30:00+00:00,DOWN,3258.215,3260.685,3259.45,3250.53,-8.92,0.47,9.1,2025-05-02T12:30:00+00:00,30,archived bid/ask M1,0.5,True
FOMC,2025-05-07T18:00:00+00:00,UP,3386.835,3387.415,3387.125,3387.705,0.58,1.17,11.08,2025-05-07T18:08:00+00:00,30,archived bid/ask M1,1.5,True
CPI,2025-05-13T12:30:00+00:00,UP,3239.515,3241.685,3240.6,3241.855,1.255,0.72,8.94,2025-05-13T12:30:00+00:00,30,archived bid/ask M1,1.0,True
PPI,2025-05-15T12:30:00+00:00,UP,3181.855,3184.095,3182.975,3188.795,5.82,2.17,6.3,2025-05-15T12:59:00+00:00,30,archived bid/ask M1,2.5,True
NFP,2025-06-06T12:30:00+00:00,DOWN,3357.565,3360.455,3359.01,3353.47,-5.54,4.507,14.417,2025-06-06T12:42:00+00:00,30,archived bid/ask M1,5.0,True
CPI,2025-06-11T12:30:00+00:00,DOWN,3340.572,3341.152,3340.862,3336.912,-3.95,19.993,8.25,2025-06-11T12:57:00+00:00,30,archived bid/ask M1,20.0,False
PPI,2025-06-12T12:30:00+00:00,UP,3382.568,3383.985,3383.2765,3388.1165,4.84,1.52,6.93,2025-06-12T12:39:00+00:00,30,archived bid/ask M1,2.0,True
FOMC,2025-06-18T18:00:00+00:00,UP,3384.708,3386.272,3385.49,3391.125,5.635,0.173,10.153,2025-06-18T18:08:00+00:00,30,archived bid/ask M1,0.5,True
NFP,2025-07-03T12:30:00+00:00,DOWN,3349.018,3350.782,3349.9,3324.5235,-25.3765,0.11,37.803,2025-07-03T12:44:00+00:00,30,archived bid/ask M1,0.5,True
CPI,2025-07-15T12:30:00+00:00,DOWN,3353.888,3355.322,3354.605,3348.89,-5.715,6.043,7.683,2025-07-15T12:41:00+00:00,30,archived bid/ask M1,6.5,True
PPI,2025-07-16T12:30:00+00:00,UP,3333.738,3335.112,3334.425,3334.625,0.2,1.833,3.933,2025-07-16T12:34:00+00:00,30,archived bid/ask M1,2.0,True
GDP,2025-07-30T12:30:00+00:00,DOWN,3328.642,3329.222,3328.932,3313.345,-15.587,0.67,18.211,2025-07-30T12:55:00+00:00,30,archived bid/ask M1,1.0,True
FOMC,2025-07-30T18:00:00+00:00,DOWN,3301.762,3302.342,3302.052,3297.655,-4.397,3.8,5.09,2025-07-30T18:06:00+00:00,30,archived bid/ask M1,4.0,True
NFP,2025-08-01T12:30:00+00:00,UP,3300.908,3302.585,3301.7465,3341.335,39.5885,0.0,43.12,2025-08-01T12:48:00+00:00,30,archived bid/ask M1,0.5,True
CPI,2025-08-12T12:30:00+00:00,UP,3338.638,3341.272,3339.955,3349.955,10.0,0.01,17.133,2025-08-12T12:50:00+00:00,30,archived bid/ask M1,0.5,True
PPI,2025-08-14T12:30:00+00:00,DOWN,3352.198,3353.915,3353.0565,3350.5965,-2.46,0.05,11.458,2025-08-14T12:30:00+00:00,30,archived bid/ask M1,0.5,True
NFP,2025-09-05T12:30:00+00:00,UP,3552.828,3556.945,3554.8865,3580.475,25.5885,0.813,30.8,2025-09-05T12:41:00+00:00,30,archived bid/ask M1,1.0,True
PPI,2025-09-10T12:30:00+00:00,DOWN,3647.428,3648.802,3648.115,3644.065,-4.05,10.683,7.42,2025-09-10T12:52:00+00:00,30,archived bid/ask M1,11.0,False
CPI,2025-09-11T12:30:00+00:00,UP,3622.505,3625.032,3623.7685,3629.0315,5.263,11.04,19.453,2025-09-11T12:37:00+00:00,30,archived bid/ask M1,11.5,True
FOMC,2025-09-17T18:00:00+00:00,DOWN,3687.312,3687.892,3687.602,3682.612,-4.99,10.61,32.21,2025-09-17T18:01:00+00:00,30,archived bid/ask M1,11.0,True
CPI,2025-10-24T12:30:00+00:00,UP,4060.835,4062.255,4061.545,4082.205,20.66,0.56,31.44,2025-10-24T12:30:00+00:00,30,archived bid/ask M1,1.0,True
FOMC,2025-10-29T18:00:00+00:00,DOWN,3993.958,3995.775,3994.8665,3981.145,-13.7215,12.587,16.933,2025-10-29T18:25:00+00:00,30,archived bid/ask M1,13.0,True
NFP,2025-11-20T13:30:00+00:00,DOWN,4085.135,4087.015,4086.075,4080.475,-5.6,5.09,18.917,2025-11-20T13:30:00+00:00,30,archived bid/ask M1,5.5,True
PPI,2025-11-25T13:30:00+00:00,UP,4141.248,4142.485,4141.8665,4147.767,5.9005,0.1,8.77,2025-11-25T13:39:00+00:00,30,archived bid/ask M1,0.5,True
FOMC,2025-12-10T19:00:00+00:00,UP,4193.398,4195.605,4194.5015,4198.935,4.4335,3.9,24.55,2025-12-10T19:11:00+00:00,30,archived bid/ask M1,4.0,True
NFP,2025-12-16T13:30:00+00:00,UP,4300.815,4302.655,4301.735,4313.07,11.335,1.22,10.97,2025-12-16T13:59:00+00:00,30,archived bid/ask M1,1.5,True
CPI,2025-12-18T13:30:00+00:00,UP,4320.495,4321.432,4320.9635,4336.6485,15.685,0.04,22.083,2025-12-18T13:52:00+00:00,30,archived bid/ask M1,0.5,True
GDP,2025-12-23T13:30:00+00:00,DOWN,4488.635,4489.915,4489.275,4479.2835,-9.9915,3.13,15.62,2025-12-23T13:52:00+00:00,30,archived bid/ask M1,3.5,True
NFP,2026-01-09T13:30:00+00:00,UP,4472.235,4474.065,4473.15,4482.5915,9.4415,13.64,18.36,2026-01-09T13:40:00+00:00,30,archived bid/ask M1,14.0,True
CPI,2026-01-13T13:30:00+00:00,UP,4601.425,4602.105,4601.765,4611.675,9.91,0.0,19.197,2026-01-13T13:46:00+00:00,30,archived bid/ask M1,0.5,True
PPI,2026-01-14T13:30:00+00:00,UP,4631.155,4633.472,4632.3135,4635.79,3.4765,7.51,4.453,2026-01-14T13:44:00+00:00,30,archived bid/ask M1,8.0,False
FOMC,2026-01-28T19:00:00+00:00,DOWN,5284.462,5285.142,5284.802,5283.605,-1.197,8.623,15.217,2026-01-28T19:02:00+00:00,30,archived bid/ask M1,9.0,True
PPI,2026-01-30T13:30:00+00:00,DOWN,5024.908,5030.812,5027.86,5019.7885,-8.0715,19.003,34.033,2026-01-30T13:50:00+00:00,30,archived bid/ask M1,19.5,True
NFP,2026-02-11T13:30:00+00:00,DOWN,5080.508,5086.135,5083.3215,5065.9,-17.4215,0.137,62.513,2026-02-11T13:31:00+00:00,30,archived bid/ask M1,0.5,True
CPI,2026-02-13T13:30:00+00:00,UP,4966.695,4967.895,4967.295,4987.23,19.935,0.357,34.367,2026-02-13T13:30:00+00:00,30,archived bid/ask M1,0.5,True
GDP,2026-02-20T13:30:00+00:00,UP,5028.388,5029.185,5028.7865,5043.705,14.9185,10.593,20.107,2026-02-20T13:56:00+00:00,30,archived bid/ask M1,11.0,True
PPI,2026-02-27T13:30:00+00:00,DOWN,5234.708,5236.915,5235.8115,5223.21,-12.6015,0.377,27.333,2026-02-27T13:41:00+00:00,30,archived bid/ask M1,0.5,True
NFP,2026-03-06T13:30:00+00:00,UP,5083.725,5084.405,5084.065,5085.275,1.21,0.0,47.28,2026-03-06T13:36:00+00:00,30,archived bid/ask M1,0.5,True
CPI,2026-03-11T12:30:00+00:00,DOWN,5190.025,5193.192,5191.6085,5167.62,-23.9885,6.293,23.52,2026-03-11T12:59:00+00:00,30,archived bid/ask M1,6.5,True
PPI,2026-03-18T12:30:00+00:00,DOWN,4901.235,4903.312,4902.2735,4881.71,-20.5635,0.363,30.87,2026-03-18T12:50:00+00:00,30,archived bid/ask M1,0.5,True
FOMC,2026-03-18T18:00:00+00:00,DOWN,4889.545,4891.322,4890.4335,4885.73,-4.7035,8.363,12.99,2026-03-18T18:25:00+00:00,30,archived bid/ask M1,8.5,True
CPI,2026-04-10T12:30:00+00:00,UP,4762.435,4763.552,4762.9935,4771.88,8.8865,1.24,19.553,2026-04-10T12:34:00+00:00,30,archived bid/ask M1,1.5,True
PPI,2026-04-14T12:30:00+00:00,UP,4769.835,4770.515,4770.175,4771.685,1.51,1.26,6.22,2026-04-14T12:34:00+00:00,30,archived bid/ask M1,1.5,True
FOMC,2026-04-29T18:00:00+00:00,DOWN,4546.375,4548.312,4547.3435,4533.02,-14.3235,5.103,21.43,2026-04-29T18:15:00+00:00,30,archived bid/ask M1,5.5,True
GDP,2026-04-30T12:30:00+00:00,UP,4629.635,4630.795,4630.215,4639.665,9.45,5.52,9.64,2026-04-30T12:59:00+00:00,30,archived bid/ask M1,6.0,True
NFP,2026-05-08T12:30:00+00:00,UP,4709.805,4712.067,4710.936,4724.505,13.569,8.097,20.288,2026-05-08T12:56:00+00:00,30,archived bid/ask M1,8.5,True
CPI,2026-05-12T12:30:00+00:00,UP,4697.265,4698.252,4697.7585,4705.83,8.0715,7.83,13.713,2026-05-12T12:52:00+00:00,30,archived bid/ask M1,8.0,True
PPI,2026-05-13T12:30:00+00:00,DOWN,4684.058,4685.525,4684.7915,4683.88,-0.9115,7.22,8.763,2026-05-13T12:30:00+00:00,30,archived bid/ask M1,7.5,True
NFP,2026-06-05T12:30:00+00:00,DOWN,4464.285,4466.385,4465.335,4406.375,-58.96,0.79,59.61,2026-06-05T12:59:00+00:00,30,archived bid/ask M1,1.0,True
CPI,2026-06-10T12:30:00+00:00,UP,4140.908,4141.835,4141.3715,4147.095,5.7235,3.683,32.42,2026-06-10T12:30:00+00:00,30,archived bid/ask M1,4.0,True
PPI,2026-06-11T12:30:00+00:00,UP,4068.175,4070.102,4069.1385,4082.07,12.9315,10.85,15.513,2026-06-11T12:55:00+00:00,30,archived bid/ask M1,11.0,True
FOMC,2026-06-17T18:00:00+00:00,DOWN,4379.575,4381.345,4380.46,4292.82,-87.64,0.0,102.68,2026-06-17T18:13:00+00:00,30,archived bid/ask M1,0.5,True
NFP,2026-07-02T12:30:00+00:00,UP,4064.325,4066.535,4065.43,4117.62,52.19,0.22,74.27,2026-07-02T12:40:00+00:00,30,archived bid/ask M1,0.5,True
CPI,2026-07-14T12:30:00+00:00,UP,4030.345,4031.025,4030.685,4076.235,45.55,0.75,76.02,2026-07-14T12:33:00+00:00,30,archived bid/ask M1,1.0,True
PPI,2026-07-15T12:30:00+00:00,UP,4039.745,4040.425,4040.085,4067.845,27.76,0.32,31.47,2026-07-15T12:58:00+00:00,30,archived bid/ask M1,0.5,True
FOMC,2026-07-29T18:00:00+00:00,UP,4042.625,4044.975,4043.8,4067.785,23.985,1.79,42.54,2026-07-29T18:12:00+00:00,30,archived bid/ask M1,2.0,True
NFP,2026-08-07T12:30:00+00:00,UP,4306.65,4306.9,4306.775,4316.175,9.4,4.47,14.07,2026-08-07T12:47:00+00:00,30,MT5 bid/ask ticks,4.5,True
