deal,epoch,position_id,entry,type,reason,volume,price,gross,commission,swap,fee,comment
2,1759713000,2,0,0,3,0.16,3905.641,0.0,-0.88,0.0,0.0,LTA VWAP-DevPOC PD-VA MOM
3,1759715100,2,1,1,3,0.08,3910.332,37.53,0.0,0.0,0.0,
4,1759716041,2,1,1,5,0.08,3921.079,123.5,0.0,0.0,0.0,tp 3921.066
5,1759973400,5,0,0,3,0.09,4031.219,0.0,-0.5,0.0,0.0,LTA VWAP-DevPOC PD-VA MOM
6,1759974941,5,1,1,4,0.09,4018.605,-113.52,0.0,0.0,0.0,sl 4018.612
7,1759980300,7,0,0,3,0.22,4023.728,0.0,-1.21,0.0,0.0,LTA VWAP-DevPOC PD-VA MOM
8,1759983900,7,1,1,3,0.11,4036.97,145.66,0.0,0.0,0.0,
9,1759992701,7,1,1,4,0.11,4023.688,-0.44,0.0,0.0,0.0,sl 4023.728
10,1759993500,10,0,0,3,0.13,4030.573,0.0,-0.72,0.0,0.0,LTA VWAP-DevPOC PD-VA MOM
11,1759998600,10,1,1,3,0.06,4036.817,37.46,0.0,0.0,0.0,
12,1760014589,10,1,1,5,0.07,4051.232,144.61,0.0,0.0,0.0,tp 4051.218
13,1760914200,13,0,0,3,0.08,4261.928,0.0,-0.44,0.0,0.0,LTA VWAP-DevPOC PD-VA MOM
14,1760915599,13,1,1,4,0.08,4247.29,-117.1,0.0,0.0,0.0,sl 4247.293
15,1760922900,15,0,0,3,0.04,4255.283,0.0,-0.22,0.0,0.0,LTA VWAP-DevPOC PD-VA MOM
16,1760923500,15,1,1,3,0.02,4255.87,1.17,0.0,0.0,0.0,
17,1760923502,15,1,1,4,0.02,4255.269,-0.03,0.0,0.0,0.0,sl 4255.283
18,1760923800,18,0,0,3,0.07,4262.848,0.0,-0.39,0.0,0.0,LTA VWAP-DevPOC PD-VA MOM
19,1760924667,18,1,1,5,0.07,4264.04,8.34,0.0,0.0,0.0,tp 4264.020
20,1761267600,20,0,0,3,0.17,4132.669,0.0,-0.94,0.0,0.0,LTA VWAP-DevPOC PD-VA MOM
21,1761267900,20,1,1,3,0.08,4134.464,14.36,0.0,0.0,0.0,
22,1761268951,20,1,1,4,0.09,4132.665,-0.03,0.0,0.0,0.0,sl 4132.669
23,1761315300,23,0,0,3,0.04,4132.226,0.0,-0.22,0.0,0.0,LTA VWAP-DevPOC PD-VA MOM
24,1761322200,23,1,1,3,0.02,4132.732,1.01,0.0,0.0,0.0,
25,1761322297,23,1,1,4,0.02,4132.209,-0.03,0.0,0.0,0.0,sl 4132.226
26,1761798900,26,0,0,3,0.05,3969.222,0.0,-0.28,0.0,0.0,LTA VWAP-DevPOC PD-VA MOM
27,1761851100,26,1,1,3,0.02,4021.181,103.92,0.0,0.0,0.0,
28,1761864620,26,1,1,5,0.03,4030.375,183.46,0.0,0.0,0.0,tp 4030.348
29,1762132200,29,0,0,3,0.06,3984.748,0.0,-0.33,0.0,0.0,LTA VWAP-DevPOC PD-VA MOM
30,1762133261,29,1,1,5,0.06,3999.038,85.74,0.0,0.0,0.0,tp 3999.020
31,1762134900,31,0,0,3,0.16,3996.364,0.0,-0.88,0.0,0.0,LTA VWAP-DevPOC PD-VA MOM
32,1762134936,31,1,1,5,0.16,3999.034,42.72,0.0,0.0,0.0,tp 3999.020
33,1762390800,33,0,0,3,0.18,3976.268,0.0,-0.99,0.0,0.0,LTA VWAP-DevPOC PD-VA MOM
34,1762391225,33,1,1,4,0.18,3970.337,-106.75,0.0,0.0,0.0,sl 3970.348
35,1762394100,35,0,0,3,0.2,3975.765,0.0,-1.1,0.0,0.0,LTA VWAP-DevPOC PD-VA MOM
36,1762396500,35,1,1,3,0.1,3983.729,79.64,0.0,0.0,0.0,
37,1762399418,35,1,1,5,0.1,3985.873,101.08,0.0,0.0,0.0,tp 3985.862
38,1762477500,38,0,0,3,0.16,3993.636,0.0,-0.88,0.0,0.0,LTA VWAP-DevPOC PD-VA MOM
39,1762477800,38,1,1,3,0.08,3996.419,22.26,0.0,0.0,0.0,
40,1762478079,38,1,1,5,0.08,3999.923,50.29,0.0,0.0,0.0,tp 3999.900
41,1762483200,41,0,0,3,0.15,3998.57,0.0,-0.83,0.0,0.0,LTA VWAP-DevPOC PD-VA MOM
42,1762484822,41,1,1,4,0.15,3991.109,-111.91,0.0,0.0,0.0,sl 3991.121
43,1762487100,43,0,0,3,0.26,3994.935,0.0,-1.43,0.0,0.0,LTA VWAP-DevPOC PD-VA MOM
44,1762487669,43,1,1,4,0.26,3990.721,-109.56,0.0,0.0,0.0,sl 3990.742
45,1762931700,45,0,0,3,0.11,4124.793,0.0,-0.61,0.0,0.0,LTA VWAP-DevPOC PD-VA MOM
46,1762933359,45,1,1,4,0.11,4115.071,-106.94,0.0,0.0,0.0,sl 4115.088
47,1762935900,47,0,0,3,0.07,4129.18,0.0,-0.39,0.0,0.0,LTA VWAP-DevPOC PD-VA MOM
48,1762938000,47,1,1,3,0.03,4131.282,6.31,0.0,0.0,0.0,
49,1762938637,47,1,1,4,0.04,4129.163,-0.07,0.0,0.0,0.0,sl 4129.180
50,1762944000,50,0,0,3,0.14,4125.562,0.0,-0.77,0.0,0.0,LTA VWAP-DevPOC PD-VA MOM
51,1762946100,50,1,1,3,0.07,4131.114,38.87,0.0,0.0,0.0,
52,1762946442,50,1,1,4,0.07,4125.536,-0.18,0.0,0.0,0.0,sl 4125.562
53,1762949700,53,0,0,3,0.18,4130.605,0.0,-0.99,0.0,0.0,LTA VWAP-DevPOC PD-VA MOM
54,1762950000,53,1,1,3,0.09,4131.291,6.17,0.0,0.0,0.0,
55,1762952140,53,1,1,4,0.09,4130.593,-0.11,0.0,0.0,0.0,sl 4130.605
56,1762953900,56,0,0,3,0.16,4129.212,0.0,-0.88,0.0,0.0,LTA VWAP-DevPOC PD-VA MOM
57,1762954500,56,1,1,3,0.08,4131.932,21.76,0.0,0.0,0.0,
58,1762954563,56,1,1,4,0.08,4129.209,-0.03,0.0,0.0,0.0,sl 4129.212
59,1762956300,59,0,0,3,0.11,4133.532,0.0,-0.61,0.0,0.0,LTA VWAP-DevPOC PD-VA MOM
60,1762956600,59,1,1,3,0.05,4134.99,7.29,0.0,0.0,0.0,
61,1762957120,59,1,1,4,0.06,4133.508,-0.14,0.0,0.0,0.0,sl 4133.532
62,1762958400,62,0,0,3,0.1,4135.705,0.0,-0.55,0.0,0.0,LTA VWAP-DevPOC PD-VA MOM
63,1762958700,62,1,1,3,0.05,4136.32,3.07,0.0,0.0,0.0,
64,1762958728,62,1,1,4,0.05,4135.703,-0.01,0.0,0.0,0.0,sl 4135.705
65,1762959300,65,0,0,3,0.14,4139.287,0.0,-0.77,0.0,0.0,LTA VWAP-DevPOC PD-VA MOM
66,1762959900,65,1,1,3,0.07,4141.911,18.37,0.0,0.0,0.0,
67,1762960219,65,1,1,5,0.07,4145.719,45.02,0.0,0.0,0.0,tp 4145.707
68,1763085000,68,0,0,3,0.08,4187.212,0.0,-0.44,0.0,0.0,LTA VWAP-DevPOC PD-VA MOM
69,1763087700,68,1,1,3,0.04,4203.045,63.33,0.0,0.0,0.0,
70,1763097330,68,1,1,4,0.04,4187.21,-0.01,0.0,0.0,0.0,sl 4187.212
71,1763526600,71,0,0,3,0.17,4074.473,0.0,-0.94,0.0,0.0,LTA VWAP-DevPOC PD-VA MOM
72,1763527200,71,1,1,3,0.08,4075.796,10.59,0.0,0.0,0.0,
73,1763527279,71,1,1,4,0.09,4074.45,-0.21,0.0,0.0,0.0,sl 4074.473
74,1763528100,74,0,0,3,0.29,4076.332,0.0,-1.6,0.0,0.0,LTA VWAP-DevPOC PD-VA MOM
75,1763529000,74,1,1,3,0.14,4079.159,39.58,0.0,0.0,0.0,
76,1763529379,74,1,1,5,0.15,4081.068,71.04,0.0,0.0,0.0,tp 4081.037
77,1763977200,77,0,0,3,0.19,4072.278,0.0,-1.05,0.0,0.0,LTA VWAP-DevPOC PD-VA MOM
78,1763977925,77,1,1,4,0.19,4066.366,-112.33,0.0,0.0,0.0,sl 4066.398
79,1763981100,79,0,0,3,0.23,4070.358,0.0,-1.27,0.0,0.0,LTA VWAP-DevPOC PD-VA MOM
80,1763981551,79,1,1,4,0.23,4065.579,-109.91,0.0,0.0,0.0,sl 4065.601
81,1764117600,81,0,0,3,0.36,4140.465,0.0,-1.98,0.0,0.0,LTA VWAP-DevPOC PD-VA MOM
82,1764118044,81,1,1,4,0.36,4137.501,-106.7,0.0,0.0,0.0,sl 4137.508
83,1764120000,83,0,0,3,0.18,4144.835,0.0,-0.99,0.0,0.0,LTA VWAP-DevPOC PD-VA MOM
84,1764120155,83,1,1,5,0.18,4147.011,39.17,0.0,0.0,0.0,tp 4146.993
85,1764218400,85,0,0,3,0.15,4154.521,0.0,-0.83,0.0,0.0,LTA VWAP-DevPOC PD-VA MOM
86,1764222314,85,1,1,4,0.15,4147.462,-105.89,0.0,0.0,0.0,sl 4147.482
87,1764226200,87,0,0,3,0.28,4156.263,0.0,-1.54,0.0,0.0,LTA VWAP-DevPOC PD-VA MOM
88,1764231300,87,1,1,3,0.14,4163.451,100.63,0.0,0.0,0.0,
89,1764234757,87,1,1,4,0.14,4156.26,-0.04,0.0,0.0,0.0,sl 4156.263
90,1764236700,90,0,0,3,0.23,4157.495,0.0,-1.27,0.0,0.0,LTA VWAP-DevPOC PD-VA MOM
91,1764239400,90,1,1,4,0.23,4152.684,-110.66,0.0,0.0,0.0,sl 4152.730
92,1764636300,92,0,0,3,0.21,4228.684,0.0,-1.16,0.0,0.0,LTA VWAP-DevPOC PD-VA MOM
93,1764636820,92,1,1,4,0.21,4223.692,-104.83,0.0,0.0,0.0,sl 4223.704
94,1764643800,94,0,0,3,0.14,4224.336,0.0,-0.77,0.0,0.0,LTA VWAP-DevPOC PD-VA MOM
95,1764647320,94,1,1,4,0.14,4216.498,-109.73,0.0,0.0,0.0,sl 4216.517
96,1765329300,96,0,0,3,0.13,4215.11,0.0,-0.72,0.0,0.0,LTA VWAP-DevPOC PD-VA MOM
97,1765329300,96,1,1,5,0.13,4215.179,0.9,0.0,0.0,0.0,tp 4215.177
98,1765396500,98,0,0,3,0.05,4204.66,0.0,-0.28,0.0,0.0,LTA VWAP-DevPOC PD-VA MOM
99,1765396710,98,1,1,5,0.05,4215.183,52.62,0.0,0.0,0.0,tp 4215.177
100,1765505400,100,0,0,3,0.14,4275.084,0.0,-0.77,0.0,0.0,LTA VWAP-DevPOC PD-VA MOM
101,1765505700,100,1,1,3,0.07,4275.407,2.26,0.0,0.0,0.0,
102,1765505703,100,1,1,4,0.07,4275.06,-0.17,0.0,0.0,0.0,sl 4275.084
103,1765510800,103,0,0,3,0.32,4272.075,0.0,-1.76,0.0,0.0,LTA VWAP-DevPOC PD-VA MOM
104,1765512804,103,1,1,4,0.32,4268.852,-103.14,0.0,0.0,0.0,sl 4268.855
105,1765756500,105,0,0,3,0.33,4306.028,0.0,-1.8199999999999998,0.0,0.0,LTA VWAP-DevPOC PD-VA MOM
106,1765756659,105,1,1,4,0.33,4302.928,-102.3,0.0,0.0,0.0,sl 4302.932
107,1765848600,107,0,0,3,0.13,4311.533,0.0,-0.72,0.0,0.0,LTA VWAP-DevPOC PD-VA MOM
108,1765853491,107,1,1,4,0.13,4303.498,-104.46,0.0,0.0,0.0,sl 4303.512
109,1765977000,109,0,0,3,0.1,4325.085,0.0,-0.55,0.0,0.0,LTA VWAP-DevPOC PD-VA MOM
110,1765977600,109,1,1,3,0.05,4329.131,20.23,0.0,0.0,0.0,
111,1765977641,109,1,1,5,0.05,4331.252,30.83,0.0,0.0,0.0,tp 4331.246
112,1766027700,112,0,0,3,0.19,4335.89,0.0,-1.05,0.0,0.0,LTA VWAP-DevPOC PD-VA MOM
113,1766031029,112,1,1,4,0.19,4330.557,-101.33,0.0,0.0,0.0,sl 4330.557
114,1766034900,114,0,0,3,0.16,4337.304,0.0,-0.88,0.0,0.0,LTA VWAP-DevPOC PD-VA MOM
115,1766037844,114,1,1,4,0.16,4330.912,-102.27,0.0,0.0,0.0,sl 4330.917
116,1766111400,116,0,0,3,0.29,4324.659,0.0,-1.6,0.0,0.0,LTA VWAP-DevPOC PD-VA MOM
117,1766111739,116,1,1,4,0.29,4321.219,-99.76,0.0,0.0,0.0,sl 4321.250
118,1767570601,118,0,0,3,0.06,4371.113,0.0,-0.33,0.0,0.0,LTA VWAP-DevPOC PD-VA MOM
119,1767570621,118,1,1,5,0.06,4373.555,14.65,0.0,0.0,0.0,tp 4373.506
120,1767662100,120,0,0,3,0.07,4442.077,0.0,-0.39,0.0,0.0,LTA VWAP-DevPOC PD-VA MOM
121,1767664500,120,1,1,3,0.03,4447.939,17.59,0.0,0.0,0.0,
122,1767664699,120,1,1,5,0.04,4451.974,39.59,0.0,0.0,0.0,tp 4451.952
123,1767756000,123,0,0,3,0.12,4480.208,0.0,-0.66,0.0,0.0,LTA VWAP-DevPOC PD-VA MOM
124,1767758749,123,1,1,4,0.12,4471.377,-105.98,0.0,0.0,0.0,sl 4471.413
125,1767803100,125,0,0,3,0.07,4458.936,0.0,-0.39,0.0,0.0,LTA VWAP-DevPOC PD-VA MOM
126,1767803700,125,1,1,3,0.03,4465.21,18.82,0.0,0.0,0.0,
127,1767805955,125,1,1,4,0.04,4458.848,-0.35,0.0,0.0,0.0,sl 4458.936
128,1768275600,128,0,0,3,0.32,4597.585,0.0,-1.76,0.0,0.0,LTA VWAP-DevPOC PD-VA MOM
129,1768275862,128,1,1,4,0.32,4594.508,-98.46,0.0,0.0,0.0,sl 4594.508
130,1768277701,130,0,0,3,0.25,4597.686,0.0,-1.38,0.0,0.0,LTA VWAP-DevPOC PD-VA MOM
131,1768278301,130,1,1,3,0.12,4597.833,1.77,0.0,0.0,0.0,
132,1768278340,130,1,1,4,0.13,4597.685,-0.01,0.0,0.0,0.0,sl 4597.686
133,1768279500,133,0,0,3,0.22,4598.813,0.0,-1.21,0.0,0.0,LTA VWAP-DevPOC PD-VA MOM
134,1768280743,133,1,1,4,0.22,4594.484,-95.24,0.0,0.0,0.0,sl 4594.492
135,1768473600,135,0,0,3,0.13,4617.92,0.0,-0.72,0.0,0.0,LTA VWAP-DevPOC PD-VA MOM
136,1768482277,135,1,1,4,0.13,4610.216,-100.15,0.0,0.0,0.0,sl 4610.232
137,1768792201,137,0,0,3,0.12,4667.539,0.0,-0.66,0.0,0.0,LTA VWAP-DevPOC PD-VA MOM
138,1768794533,137,1,1,4,0.12,4659.557,-95.79,0.0,0.0,0.0,sl 4659.625
139,1768799102,139,0,0,3,0.15,4668.953,0.0,-0.83,0.0,0.0,LTA VWAP-DevPOC PD-VA MOM
140,1768804501,139,1,1,3,0.07,4674.669,40.01,0.0,0.0,0.0,
141,1768806738,139,1,1,4,0.08,4668.918,-0.28,0.0,0.0,0.0,sl 4668.953
142,1768809901,142,0,0,3,0.12,4669.432,0.0,-0.66,0.0,0.0,LTA VWAP-DevPOC PD-VA MOM
143,1768819493,142,1,1,4,0.12,4661.489,-95.31,0.0,0.0,0.0,sl 4661.491
144,1768871100,144,0,0,3,0.11,4667.704,0.0,-0.61,0.0,0.0,LTA VWAP-DevPOC PD-VA MOM
145,1768871363,144,1,1,5,0.11,4673.145,59.86,0.0,0.0,0.0,tp 4673.139
146,1768876200,146,0,0,3,0.14,4672.227,0.0,-0.77,0.0,0.0,LTA VWAP-DevPOC PD-VA MOM
147,1768876262,146,1,1,5,0.14,4673.141,12.79,0.0,0.0,0.0,tp 4673.139
148,1768878900,148,0,0,3,0.17,4671.725,0.0,-0.94,0.0,0.0,LTA VWAP-DevPOC PD-VA MOM
149,1768879186,148,1,1,5,0.17,4673.142,24.08,0.0,0.0,0.0,tp 4673.139
150,1769061300,150,0,0,3,0.05,4817.993,0.0,-0.28,0.0,0.0,LTA VWAP-DevPOC PD-VA MOM
151,1769096100,150,1,1,3,0.02,4863.621,91.25,0.0,0.0,0.0,
152,1769097132,150,1,1,5,0.03,4869.935,155.83,0.0,0.0,0.0,tp 4869.922
153,1769476500,153,0,0,3,0.02,5072.072,0.0,-0.11,0.0,0.0,LTA VWAP-DevPOC PD-VA MOM
154,1769497800,153,1,1,3,0.01,5093.616,21.55,0.0,0.0,0.0,
155,1769499533,153,1,1,5,0.01,5097.975,25.91,0.0,0.0,0.0,tp 5097.959
156,1769503500,156,0,0,3,0.1,5082.782,0.0,-0.55,0.0,0.0,LTA VWAP-DevPOC PD-VA MOM
157,1769506800,156,1,1,3,0.05,5092.986,51.02,0.0,0.0,0.0,
158,1769507956,156,1,1,5,0.05,5098.014,76.16,0.0,0.0,0.0,tp 5097.959
159,1769510400,159,0,0,3,0.14,5088.494,0.0,-0.77,0.0,0.0,LTA VWAP-DevPOC PD-VA MOM
160,1769514443,159,1,1,4,0.14,5081.389,-99.47,0.0,0.0,0.0,sl 5081.457
161,1769517300,161,0,0,3,0.07,5087.611,0.0,-0.39,0.0,0.0,LTA VWAP-DevPOC PD-VA MOM
162,1769521266,161,1,1,4,0.07,5072.955,-102.59,0.0,0.0,0.0,sl 5072.982
163,1770252000,163,0,0,3,0.12,5016.598,0.0,-0.66,0.0,0.0,LTA VWAP-DevPOC PD-VA MOM
164,1770253086,163,1,1,4,0.12,5007.978,-103.44,0.0,0.0,0.0,sl 5008.068
165,1770607500,165,0,0,3,0.08,5022.778,0.0,-0.44,0.0,0.0,LTA VWAP-DevPOC PD-VA MOM
166,1770610505,165,1,1,4,0.08,5010.677,-96.8,0.0,0.0,0.0,sl 5010.761
167,1770612000,167,0,0,3,0.1,5022.943,0.0,-0.55,0.0,0.0,LTA VWAP-DevPOC PD-VA MOM
168,1770612616,167,1,1,4,0.1,5012.983,-99.6,0.0,0.0,0.0,sl 5013.017
169,1770688200,169,0,0,3,0.06,5034.968,0.0,-0.33,0.0,0.0,LTA VWAP-DevPOC PD-VA MOM
170,1770689031,169,1,1,5,0.06,5039.344,26.25,0.0,0.0,0.0,tp 5039.067
171,1770699000,171,0,0,3,0.09,5032.839,0.0,-0.5,0.0,0.0,LTA VWAP-DevPOC PD-VA MOM
172,1770701074,171,1,1,4,0.09,5021.405,-102.9,0.0,0.0,0.0,sl 5021.484
173,1770756300,173,0,0,3,0.1,5036.308,0.0,-0.55,0.0,0.0,LTA VWAP-DevPOC PD-VA MOM
174,1770756499,173,1,1,5,0.1,5039.16,28.52,0.0,0.0,0.0,tp 5039.067
175,1770777300,175,0,0,3,0.16,5046.174,0.0,-0.88,0.0,0.0,LTA VWAP-DevPOC PD-VA MOM
176,1770777301,175,1,1,5,0.16,5046.301,2.04,0.0,0.0,0.0,tp 5046.288
177,1770857400,177,0,0,3,0.12,5062.771,0.0,-0.66,0.0,0.0,LTA VWAP-DevPOC PD-VA MOM
178,1770857700,177,1,1,3,0.06,5063.275,3.02,0.0,0.0,0.0,
179,1770857702,177,1,1,4,0.06,5062.71,-0.37,0.0,0.0,0.0,sl 5062.771
180,1770860400,180,0,0,3,0.1,5062.19,0.0,-0.55,0.0,0.0,LTA VWAP-DevPOC PD-VA MOM
181,1770861600,180,1,1,3,0.05,5063.802,8.06,0.0,0.0,0.0,
182,1770863724,180,1,1,4,0.05,5062.076,-0.57,0.0,0.0,0.0,sl 5062.190
183,1770867300,183,0,0,3,0.09,5065.641,0.0,-0.5,0.0,0.0,LTA VWAP-DevPOC PD-VA MOM
184,1770868888,183,1,1,4,0.09,5054.199,-102.98,0.0,0.0,0.0,sl 5054.242
185,1771466700,185,0,0,3,0.14,4977.214,0.0,-0.77,0.0,0.0,LTA VWAP-DevPOC PD-VA MOM
186,1771467370,185,1,1,4,0.14,4970.265,-97.29,0.0,0.0,0.0,sl 4970.531
187,1771470600,187,0,0,3,0.25,4969.725,0.0,-1.38,0.0,0.0,LTA VWAP-DevPOC PD-VA MOM
188,1771473001,187,1,1,3,0.12,4981.927,146.42,0.0,0.0,0.0,
189,1771483504,187,1,1,5,0.13,5011.192,539.07,0.0,0.0,0.0,tp 5011.155
190,1771494300,190,0,0,3,0.09,5003.069,0.0,-0.5,0.0,0.0,LTA VWAP-DevPOC PD-VA MOM
191,1771495394,190,1,1,4,0.09,4992.156,-98.22,0.0,0.0,0.0,sl 4992.436
192,1771498800,192,0,0,3,0.16,4993.262,0.0,-0.88,0.0,0.0,LTA VWAP-DevPOC PD-VA MOM
193,1771499401,192,1,1,3,0.08,4994.223,7.68,0.0,0.0,0.0,
194,1771499591,192,1,1,4,0.08,4993.113,-1.2,0.0,0.0,0.0,sl 4993.262
195,1771504200,195,0,0,3,0.12,4992.262,0.0,-0.66,0.0,0.0,LTA VWAP-DevPOC PD-VA MOM
196,1771504600,195,1,1,4,0.12,4983.797,-101.58,0.0,0.0,0.0,sl 4984.043
197,1771508400,197,0,0,3,0.05,4994.749,0.0,-0.28,0.0,0.0,LTA VWAP-DevPOC PD-VA MOM
198,1771509300,197,1,1,3,0.02,4995.299,1.1,0.0,0.0,0.0,
199,1771509306,197,1,1,4,0.03,4994.672,-0.23,0.0,0.0,0.0,sl 4994.749
200,1771514700,200,0,0,3,0.09,5006.436,0.0,-0.5,0.0,0.0,LTA VWAP-DevPOC PD-VA MOM
201,1771514844,200,1,1,5,0.09,5011.181,42.71,0.0,0.0,0.0,tp 5011.155
202,1771518900,202,0,0,3,0.08,5003.378,0.0,-0.44,0.0,0.0,LTA VWAP-DevPOC PD-VA MOM
203,1771519500,202,1,1,3,0.04,5005.845,9.87,0.0,0.0,0.0,
204,1771519706,202,1,1,4,0.04,5003.277,-0.4,0.0,0.0,0.0,sl 5003.378
205,1771532400,205,0,0,3,0.15,4994.472,0.0,-0.83,0.0,0.0,LTA VWAP-DevPOC PD-VA MOM
206,1771532701,205,1,1,3,0.07,4994.667,1.37,0.0,0.0,0.0,
207,1771532707,205,1,1,4,0.08,4994.449,-0.19,0.0,0.0,0.0,sl 4994.472
208,1771533601,208,0,0,3,0.25,4997.828,0.0,-1.38,0.0,0.0,LTA VWAP-DevPOC PD-VA MOM
209,1771534200,208,1,1,3,0.12,5002.25,53.06,0.0,0.0,0.0,
210,1771542077,208,1,1,4,0.13,4997.344,-6.29,0.0,0.0,0.0,sl 4997.828
211,1771548900,211,0,0,3,0.11,5001.168,0.0,-0.61,0.0,0.0,LTA VWAP-DevPOC PD-VA MOM
212,1771549200,211,1,1,3,0.05,5006.396,26.14,0.0,0.0,0.0,
213,1771549202,211,1,1,5,0.06,5007.951,40.7,0.0,0.0,0.0,tp 5007.936
214,1771563600,214,0,0,3,0.24,5000.289,0.0,-1.32,0.0,0.0,LTA VWAP-DevPOC PD-VA MOM
215,1771563901,214,1,1,3,0.12,5005.337,60.57,0.0,0.0,0.0,
216,1771564620,214,1,1,4,0.12,5000.203,-1.03,0.0,0.0,0.0,sl 5000.289
217,1771566600,217,0,0,3,0.11,5007.027,0.0,-0.61,0.0,0.0,LTA VWAP-DevPOC PD-VA MOM
218,1771566609,217,1,1,5,0.11,5008.033,11.06,0.0,0.0,0.0,tp 5007.936
219,1771809600,219,0,0,3,0.12,5152.936,0.0,-0.66,0.0,0.0,LTA VWAP-DevPOC PD-VA MOM
220,1771809900,219,1,1,3,0.06,5156.194,19.54,0.0,0.0,0.0,
221,1771809965,219,1,1,4,0.06,5152.853,-0.5,0.0,0.0,0.0,sl 5152.936
222,1771817100,222,0,0,3,0.09,5162.15,0.0,-0.5,0.0,0.0,LTA VWAP-DevPOC PD-VA MOM
223,1771817109,222,1,1,5,0.09,5163.219,9.62,0.0,0.0,0.0,tp 5163.142
224,1771820101,224,0,0,3,0.13,5162.679,0.0,-0.72,0.0,0.0,LTA VWAP-DevPOC PD-VA MOM
225,1771820177,224,1,1,5,0.13,5163.17,6.38,0.0,0.0,0.0,tp 5163.142
226,1771844101,226,0,0,3,0.11,5160.011,0.0,-0.61,0.0,0.0,LTA VWAP-DevPOC PD-VA MOM
227,1771844280,226,1,1,5,0.11,5163.175,34.81,0.0,0.0,0.0,tp 5163.142
228,1771850400,228,0,0,3,0.08,5157.961,0.0,-0.44,0.0,0.0,LTA VWAP-DevPOC PD-VA MOM
229,1771850667,228,1,1,5,0.08,5163.188,41.81,0.0,0.0,0.0,tp 5163.142
230,1771856100,230,0,0,3,0.06,5157.161,0.0,-0.33,0.0,0.0,LTA VWAP-DevPOC PD-VA MOM
231,1771856400,230,1,1,3,0.03,5159.69,7.59,0.0,0.0,0.0,
232,1771856645,230,1,1,5,0.03,5163.317,18.47,0.0,0.0,0.0,tp 5163.142
233,1772066700,233,0,0,3,0.12,5188.557,0.0,-0.66,0.0,0.0,LTA VWAP-DevPOC PD-VA MOM
234,1772067300,233,1,1,3,0.06,5189.715,6.95,0.0,0.0,0.0,
235,1772067334,233,1,1,4,0.06,5188.531,-0.15,0.0,0.0,0.0,sl 5188.557
236,1772069700,236,0,0,3,0.1,5188.124,0.0,-0.55,0.0,0.0,LTA VWAP-DevPOC PD-VA MOM
237,1772070300,236,1,1,3,0.05,5189.738,8.07,0.0,0.0,0.0,
238,1772070508,236,1,1,4,0.05,5188.104,-0.1,0.0,0.0,0.0,sl 5188.124
239,1772072400,239,0,0,3,0.13,5188.363,0.0,-0.72,0.0,0.0,LTA VWAP-DevPOC PD-VA MOM
240,1772072983,239,1,1,4,0.13,5180.832,-97.9,0.0,0.0,0.0,sl 5180.853
241,1772419500,241,0,0,3,0.05,5350.898,0.0,-0.28,0.0,0.0,LTA VWAP-DevPOC PD-VA MOM
242,1772421300,241,1,1,3,0.02,5355.061,8.32,0.0,0.0,0.0,
243,1772421366,241,1,1,4,0.03,5350.845,-0.15,0.0,0.0,0.0,sl 5350.898
244,1772422800,244,0,0,3,0.09,5364.048,0.0,-0.5,0.0,0.0,LTA VWAP-DevPOC PD-VA MOM
245,1772424000,244,1,1,3,0.04,5366.733,10.74,0.0,0.0,0.0,
246,1772424114,244,1,1,4,0.05,5364.02,-0.14,0.0,0.0,0.0,sl 5364.048
247,1772425200,247,0,0,3,0.11,5364.758,0.0,-0.61,0.0,0.0,LTA VWAP-DevPOC PD-VA MOM
248,1772426181,247,1,1,4,0.11,5354.96,-107.78,0.0,0.0,0.0,sl 5354.997
249,1772499900,249,0,0,3,0.06,5362.876,0.0,-0.33,0.0,0.0,LTA VWAP-DevPOC PD-VA MOM
250,1772500200,249,1,1,3,0.03,5368.608,17.19,0.0,0.0,0.0,
251,1772500403,249,1,1,4,0.03,5362.874,-0.01,0.0,0.0,0.0,sl 5362.876
252,1772505000,252,0,0,3,0.07,5358.922,0.0,-0.39,0.0,0.0,LTA VWAP-DevPOC PD-VA MOM
253,1772505300,252,1,1,3,0.03,5358.936,0.04,0.0,0.0,0.0,
254,1772505300,252,1,1,4,0.04,5358.846,-0.31,0.0,0.0,0.0,sl 5358.922
255,1772712300,255,0,0,3,0.14,5166.981,0.0,-0.77,0.0,0.0,LTA VWAP-DevPOC PD-VA MOM
256,1772712600,255,1,1,3,0.07,5168.85,13.08,0.0,0.0,0.0,
257,1772712996,255,1,1,4,0.07,5166.788,-1.35,0.0,0.0,0.0,sl 5166.981
258,1772714100,258,0,0,3,0.17,5166.599,0.0,-0.94,0.0,0.0,LTA VWAP-DevPOC PD-VA MOM
259,1772715615,258,1,1,4,0.17,5160.509,-103.53,0.0,0.0,0.0,sl 5160.542
260,1773047400,260,0,0,3,0.06,5109.577,0.0,-0.33,0.0,0.0,LTA VWAP-DevPOC PD-VA MOM
261,1773052302,260,1,1,4,0.06,5091.213,-110.18,0.0,0.0,0.0,sl 5091.401
262,1773054300,262,0,0,3,0.08,5096.269,0.0,-0.44,0.0,0.0,LTA VWAP-DevPOC PD-VA MOM
263,1773055221,262,1,1,4,0.08,5083.068,-105.61,0.0,0.0,0.0,sl 5083.113
264,1773209701,264,0,0,3,0.07,5209.324,0.0,-0.39,0.0,0.0,LTA VWAP-DevPOC PD-VA MOM
265,1773211380,264,1,1,4,0.07,5195.596,-96.1,0.0,0.0,0.0,sl 5195.680
266,1773796200,266,0,0,3,0.07,5012.034,0.0,-0.39,0.0,0.0,LTA VWAP-DevPOC PD-VA MOM
267,1773796800,266,1,1,3,0.03,5012.754,2.16,0.0,0.0,0.0,
268,1773797068,266,1,1,4,0.04,5011.97,-0.26,0.0,0.0,0.0,sl 5012.034
269,1774314000,269,0,1,3,0.04,4363.466,0.0,-0.22,0.0,0.0,LTA VWAP-DevPOC PD-VA MOM
270,1774314300,269,1,0,3,0.02,4355.253,16.42,0.0,0.0,0.0,
271,1774314421,269,1,0,4,0.02,4363.496,-0.06,0.0,0.0,0.0,sl 4363.466
272,1774316700,272,0,1,3,0.02,4321.438,0.0,-0.11,0.0,0.0,LTA VWAP-DevPOC PD-VA MOM
273,1774316852,272,1,0,5,0.02,4318.619,5.64,0.0,0.0,0.0,tp 4318.643
274,1774318200,274,0,1,3,0.06,4322.076,0.0,-0.33,0.0,0.0,LTA VWAP-DevPOC PD-VA MOM
275,1774318211,274,1,0,5,0.06,4318.595,20.89,0.0,0.0,0.0,tp 4318.643
276,1774321500,276,0,1,3,0.05,4351.888,0.0,-0.28,0.0,0.0,LTA VWAP-DevPOC PD-VA MOM
277,1774323300,276,1,0,3,0.02,4346.933,9.91,0.0,0.0,0.0,
278,1774323315,276,1,0,4,0.03,4351.892,-0.02,0.0,0.0,0.0,sl 4351.888
279,1774326000,279,0,1,3,0.04,4330.648,0.0,-0.22,0.0,0.0,LTA VWAP-DevPOC PD-VA MOM
280,1774328700,279,1,0,3,0.02,4327.911,5.48,0.0,0.0,0.0,
281,1774329091,279,1,0,4,0.02,4330.72,-0.14,0.0,0.0,0.0,sl 4330.648
282,1774356000,282,0,1,3,0.03,4365.521,0.0,-0.17,0.0,0.0,LTA VWAP-DevPOC PD-VA MOM
283,1774359000,282,1,0,3,0.01,4356.109,9.41,0.0,0.0,0.0,
284,1774359010,282,1,0,4,0.02,4365.532,-0.02,0.0,0.0,0.0,sl 4365.521
285,1774373700,285,0,1,3,0.04,4382.81,0.0,-0.22,0.0,0.0,LTA VWAP-DevPOC PD-VA MOM
286,1774374300,285,1,0,3,0.02,4378.369,8.88,0.0,0.0,0.0,
287,1774374461,285,1,0,4,0.02,4382.844,-0.07,0.0,0.0,0.0,sl 4382.810
288,1774602000,288,0,1,3,0.07,4424.475,0.0,-0.39,0.0,0.0,LTA VWAP-DevPOC PD-VA MOM
289,1774602600,288,1,0,3,0.03,4423.317,3.48,0.0,0.0,0.0,
290,1774602723,288,1,0,4,0.04,4424.527,-0.21,0.0,0.0,0.0,sl 4424.475
291,1774608000,291,0,1,3,0.1,4422.106,0.0,-0.55,0.0,0.0,LTA VWAP-DevPOC PD-VA MOM
292,1774608300,291,1,0,3,0.05,4415.437,33.34,0.0,0.0,0.0,
293,1774611900,291,1,0,4,0.05,4422.148,-0.21,0.0,0.0,0.0,sl 4422.106
294,1774617000,294,0,1,3,0.07,4429.383,0.0,-0.39,0.0,0.0,LTA VWAP-DevPOC PD-VA MOM
295,1774617300,294,1,0,3,0.03,4429.188,0.59,0.0,0.0,0.0,
296,1774617307,294,1,0,4,0.04,4429.583,-0.8,0.0,0.0,0.0,sl 4429.383
297,1774617900,297,0,1,3,0.07,4427.168,0.0,-0.39,0.0,0.0,LTA VWAP-DevPOC PD-VA MOM
298,1774618200,297,1,0,3,0.03,4422.355,14.43,0.0,0.0,0.0,
299,1774618746,297,1,0,4,0.04,4427.169,-0.01,0.0,0.0,0.0,sl 4427.168
300,1774619700,300,0,1,3,0.06,4426.444,0.0,-0.33,0.0,0.0,LTA VWAP-DevPOC PD-VA MOM
301,1774620188,300,1,0,4,0.06,4443.036,-99.56,0.0,0.0,0.0,sl 4442.884
302,1775431200,302,0,1,3,0.06,4625.355,0.0,-0.33,0.0,0.0,LTA VWAP-DevPOC PD-VA MOM
303,1775431500,302,1,0,3,0.03,4620.05,15.92,0.0,0.0,0.0,
304,1775433903,302,1,0,4,0.03,4625.589,-0.7,0.0,0.0,0.0,sl 4625.355
305,1775568000,305,0,1,3,0.1,4650.86,0.0,-0.55,0.0,0.0,LTA VWAP-DevPOC PD-VA MOM
306,1775568313,305,1,0,4,0.1,4661.138,-102.78,0.0,0.0,0.0,sl 4661.096
307,1775786700,307,0,1,3,0.08,4754.998,0.0,-0.44,0.0,0.0,LTA VWAP-DevPOC PD-VA MOM
308,1775787300,307,1,0,3,0.04,4752.354,10.57,0.0,0.0,0.0,
309,1775790029,307,1,0,4,0.04,4755.037,-0.16,0.0,0.0,0.0,sl 4754.998
310,1776349200,310,0,1,3,0.08,4794.951,0.0,-0.44,0.0,0.0,LTA VWAP-DevPOC PD-VA MOM
311,1776349233,310,1,0,5,0.08,4794.177,6.19,0.0,0.0,0.0,tp 4794.190
312,1776355800,312,0,1,3,0.19,4806.209,0.0,-1.05,0.0,0.0,LTA VWAP-DevPOC PD-VA MOM
313,1776356100,312,1,0,3,0.09,4805.078,10.18,0.0,0.0,0.0,
314,1776357206,312,1,0,5,0.1,4793.839,123.7,0.0,0.0,0.0,tp 4794.190
315,1776369000,315,0,1,3,0.2,4795.222,0.0,-1.1,0.0,0.0,LTA VWAP-DevPOC PD-VA MOM
316,1776369007,315,1,0,5,0.2,4794.162,21.2,0.0,0.0,0.0,tp 4794.190
317,1776410100,317,0,1,3,0.23,4787.532,0.0,-1.27,0.0,0.0,LTA VWAP-DevPOC PD-VA MOM
318,1776410193,317,1,0,5,0.23,4785.342,50.37,0.0,0.0,0.0,tp 4785.350
319,1776411600,319,0,1,3,0.12,4786.972,0.0,-0.66,0.0,0.0,LTA VWAP-DevPOC PD-VA MOM
320,1776411668,319,1,0,5,0.12,4785.318,19.84,0.0,0.0,0.0,tp 4785.350
321,1776420601,321,0,1,3,0.24,4789.267,0.0,-1.32,0.0,0.0,LTA VWAP-DevPOC PD-VA MOM
322,1776421001,321,1,0,4,0.24,4793.316,-97.17,0.0,0.0,0.0,sl 4793.211
323,1776421800,323,0,1,3,0.21,4789.769,0.0,-1.16,0.0,0.0,LTA VWAP-DevPOC PD-VA MOM
324,1776422100,323,1,0,3,0.1,4788.176,15.93,0.0,0.0,0.0,
325,1776422419,323,1,0,5,0.11,4785.336,48.76,0.0,0.0,0.0,tp 4785.350
326,1776735600,326,0,1,3,0.16,4813.502,0.0,-0.88,0.0,0.0,LTA VWAP-DevPOC PD-VA MOM
327,1776745200,326,1,0,3,0.08,4793.443,160.48,0.0,0.0,0.0,
328,1776747603,326,1,0,5,0.08,4787.792,205.68,0.0,0.0,0.0,tp 4787.798
329,1776750600,329,0,1,3,0.16,4790.668,0.0,-0.88,0.0,0.0,LTA VWAP-DevPOC PD-VA MOM
330,1776750622,329,1,0,5,0.16,4787.775,46.29,0.0,0.0,0.0,tp 4787.798
331,1776818700,331,0,1,3,0.18,4742.213,0.0,-0.99,0.0,0.0,LTA VWAP-DevPOC PD-VA MOM
332,1776819300,331,1,0,3,0.09,4740.298,17.24,0.0,0.0,0.0,
333,1776819652,331,1,0,4,0.09,4742.254,-0.37,0.0,0.0,0.0,sl 4742.213
334,1776846300,334,0,1,3,0.13,4754.753,0.0,-0.72,0.0,0.0,LTA VWAP-DevPOC PD-VA MOM
335,1776846600,334,1,0,3,0.06,4754.456,1.78,0.0,0.0,0.0,
336,1776846623,334,1,0,4,0.07,4754.769,-0.11,0.0,0.0,0.0,sl 4754.753
337,1776851700,337,0,1,3,0.13,4754.898,0.0,-0.72,0.0,0.0,LTA VWAP-DevPOC PD-VA MOM
338,1776852300,337,1,0,3,0.06,4749.21,34.13,0.0,0.0,0.0,
339,1776853259,337,1,0,4,0.07,4754.972,-0.51,0.0,0.0,0.0,sl 4754.898
340,1776858000,340,0,1,3,0.19,4754.953,0.0,-1.05,0.0,0.0,LTA VWAP-DevPOC PD-VA MOM
341,1776858300,340,1,0,3,0.09,4748.978,53.78,0.0,0.0,0.0,
342,1776859297,340,1,0,4,0.1,4755.008,-0.55,0.0,0.0,0.0,sl 4754.953
343,1776860400,343,0,1,3,0.11,4747.374,0.0,-0.61,0.0,0.0,LTA VWAP-DevPOC PD-VA MOM
344,1776860935,343,1,0,4,0.11,4757.559,-112.04,0.0,0.0,0.0,sl 4757.542
345,1776994200,345,0,1,3,0.08,4698.313,0.0,-0.44,0.0,0.0,LTA VWAP-DevPOC PD-VA MOM
346,1776994327,345,1,0,5,0.08,4693.632,37.44,0.0,0.0,0.0,tp 4693.659
347,1777311600,347,0,1,3,0.17,4680.928,0.0,-0.94,0.0,0.0,LTA VWAP-DevPOC PD-VA MOM
348,1777313100,347,1,0,3,0.08,4680.598,2.64,0.0,0.0,0.0,
349,1777313195,347,1,0,4,0.09,4680.942,-0.13,0.0,0.0,0.0,sl 4680.928
350,1777316400,350,0,1,3,0.24,4680.878,0.0,-1.32,0.0,0.0,LTA VWAP-DevPOC PD-VA MOM
351,1777316701,350,1,0,3,0.12,4679.328,18.6,0.0,0.0,0.0,
352,1777317196,350,1,0,4,0.12,4680.888,-0.12,0.0,0.0,0.0,sl 4680.878
353,1777318500,353,0,1,3,0.26,4679.112,0.0,-1.43,0.0,0.0,LTA VWAP-DevPOC PD-VA MOM
354,1777318527,353,1,0,5,0.26,4678.347,19.89,0.0,0.0,0.0,tp 4678.482
355,1777338000,355,0,1,3,0.24,4690.44,0.0,-1.32,0.0,0.0,LTA VWAP-DevPOC PD-VA MOM
356,1777341531,355,1,0,5,0.24,4669.848,494.21,0.0,0.0,0.0,tp 4670.075
357,1777341600,357,0,1,3,0.06,4670.951,0.0,-0.33,0.0,0.0,LTA VWAP-DevPOC PD-VA MOM
358,1777341600,357,1,0,5,0.06,4670.011,5.64,0.0,0.0,0.0,tp 4670.075
359,1777343100,359,0,1,3,0.23,4676.068,0.0,-1.27,0.0,0.0,LTA VWAP-DevPOC PD-VA MOM
360,1777343400,359,1,0,3,0.11,4675.865,2.23,0.0,0.0,0.0,
361,1777344307,359,1,0,5,0.12,4670.031,72.45,0.0,0.0,0.0,tp 4670.075
362,1777347900,362,0,1,3,0.29,4672.081,0.0,-1.6,0.0,0.0,LTA VWAP-DevPOC PD-VA MOM
363,1777348200,362,1,0,3,0.14,4671.775,4.28,0.0,0.0,0.0,
364,1777348446,362,1,0,5,0.15,4669.991,31.35,0.0,0.0,0.0,tp 4670.075
365,1777423800,365,0,1,3,0.2,4600.053,0.0,-1.1,0.0,0.0,LTA VWAP-DevPOC PD-VA MOM
366,1777424700,365,1,0,3,0.1,4582.955,170.98,0.0,0.0,0.0,
367,1777428438,365,1,0,4,0.1,4600.096,-0.43,0.0,0.0,0.0,sl 4600.053
368,1777442400,368,0,1,3,0.09,4590.881,0.0,-0.5,0.0,0.0,LTA VWAP-DevPOC PD-VA MOM
369,1777443300,368,1,0,3,0.04,4588.724,8.62,0.0,0.0,0.0,
370,1777456211,368,1,0,5,0.05,4557.06,169.11,0.0,0.0,0.0,tp 4557.119
371,1777459500,371,0,1,3,0.11,4566.505,0.0,-0.61,0.0,0.0,LTA VWAP-DevPOC PD-VA MOM
372,1777461900,371,1,0,3,0.05,4566.346,0.8,0.0,0.0,0.0,
373,1777461901,371,1,0,4,0.06,4566.569,-0.38,0.0,0.0,0.0,sl 4566.505
374,1777465500,374,0,1,3,0.16,4562.461,0.0,-0.88,0.0,0.0,LTA VWAP-DevPOC PD-VA MOM
375,1777465800,374,1,0,3,0.08,4559.588,22.99,0.0,0.0,0.0,
376,1777465814,374,1,0,5,0.08,4557.118,42.75,0.0,0.0,0.0,tp 4557.119
377,1777516500,377,0,1,3,0.12,4567.704,0.0,-0.66,0.0,0.0,LTA VWAP-DevPOC PD-VA MOM
378,1777523700,377,1,0,3,0.06,4541.479,157.35,0.0,0.0,0.0,
379,1777528076,377,1,0,4,0.06,4567.787,-0.5,0.0,0.0,0.0,sl 4567.704
380,1777528800,380,0,1,3,0.15,4562.818,0.0,-0.83,0.0,0.0,LTA VWAP-DevPOC PD-VA MOM
381,1777530290,380,1,0,4,0.15,4570.431,-114.2,0.0,0.0,0.0,sl 4570.394
382,1777954801,382,0,1,3,0.22,4530.951,0.0,-1.21,0.0,0.0,LTA VWAP-DevPOC PD-VA MOM
383,1777956829,382,1,0,4,0.22,4536.199,-115.46,0.0,0.0,0.0,sl 4536.148
384,1777962300,384,0,1,3,0.1,4535.718,0.0,-0.55,0.0,0.0,LTA VWAP-DevPOC PD-VA MOM
385,1777963023,384,1,0,4,0.1,4546.554,-108.36,0.0,0.0,0.0,sl 4546.491
386,1778633400,386,0,1,3,0.13,4717.106,0.0,-0.72,0.0,0.0,LTA VWAP-DevPOC PD-VA MOM
387,1778639700,386,1,0,3,0.06,4696.497,123.66,0.0,0.0,0.0,
388,1778679383,386,1,0,5,0.07,4676.214,286.24,0.0,0.0,0.0,tp 4676.257
389,1778683200,389,0,1,3,0.22,4686.695,0.0,-1.21,0.0,0.0,LTA VWAP-DevPOC PD-VA MOM
390,1778683500,389,1,0,3,0.11,4684.25,26.9,0.0,0.0,0.0,
391,1778684870,389,1,0,4,0.11,4686.758,-0.69,0.0,0.0,0.0,sl 4686.695
392,1778693700,392,0,1,3,0.1,4690.9,0.0,-0.55,0.0,0.0,LTA VWAP-DevPOC PD-VA MOM
393,1778694900,392,1,0,3,0.05,4689.061,9.19,0.0,0.0,0.0,
394,1778695726,392,1,0,4,0.05,4690.922,-0.11,0.0,0.0,0.0,sl 4690.900
395,1778697900,395,0,1,3,0.16,4686.325,0.0,-0.88,0.0,0.0,LTA VWAP-DevPOC PD-VA MOM
396,1778698200,395,1,0,3,0.08,4679.847,51.82,0.0,0.0,0.0,
397,1778698460,395,1,0,4,0.08,4686.409,-0.67,0.0,0.0,0.0,sl 4686.325
398,1778698800,398,0,1,3,0.34,4684.785,0.0,-1.87,0.0,0.0,LTA VWAP-DevPOC PD-VA MOM
399,1778699100,398,1,0,3,0.17,4684.478,5.22,0.0,0.0,0.0,
400,1778699194,398,1,0,4,0.17,4684.809,-0.4,0.0,0.0,0.0,sl 4684.785
401,1778704200,401,0,1,3,0.41,4691.241,0.0,-2.26,0.0,0.0,LTA VWAP-DevPOC PD-VA MOM
402,1778704500,401,1,0,3,0.2,4690.16,21.62,0.0,0.0,0.0,
403,1778704649,401,1,0,4,0.21,4691.292,-1.07,0.0,0.0,0.0,sl 4691.241
404,1778705400,404,0,1,3,0.35,4689.103,0.0,-1.9300000000000002,0.0,0.0,LTA VWAP-DevPOC PD-VA MOM
405,1778705700,404,1,0,3,0.17,4688.405,11.86,0.0,0.0,0.0,
406,1778705731,404,1,0,4,0.18,4689.103,0.0,0.0,0.0,0.0,sl 4689.103
407,1778710200,407,0,1,3,0.27,4690.25,0.0,-1.49,0.0,0.0,LTA VWAP-DevPOC PD-VA MOM
408,1778710576,407,1,0,4,0.27,4694.458,-113.62,0.0,0.0,0.0,sl 4694.452
409,1778721000,409,0,1,3,0.06,4688.875,0.0,-0.33,0.0,0.0,LTA VWAP-DevPOC PD-VA MOM
410,1778723100,409,1,0,3,0.03,4688.984,-0.32,0.0,0.0,0.0,
411,1778723982,409,1,0,4,0.03,4688.889,-0.04,0.0,0.0,0.0,sl 4688.875
412,1779058500,412,0,1,3,0.15,4547.174,0.0,-0.83,0.0,0.0,LTA VWAP-DevPOC PD-VA MOM
413,1779058800,412,1,0,3,0.07,4546.404,5.39,0.0,0.0,0.0,
414,1779058800,412,1,0,4,0.08,4547.202,-0.23,0.0,0.0,0.0,sl 4547.174
415,1779060600,415,0,1,3,0.16,4538.304,0.0,-0.88,0.0,0.0,LTA VWAP-DevPOC PD-VA MOM
416,1779061800,415,1,0,3,0.08,4537.938,2.93,0.0,0.0,0.0,
417,1779061804,415,1,0,4,0.08,4538.346,-0.34,0.0,0.0,0.0,sl 4538.304
418,1779152100,418,0,1,3,0.14,4566.63,0.0,-0.77,0.0,0.0,LTA VWAP-DevPOC PD-VA MOM
419,1779164100,418,1,0,3,0.07,4540.715,181.4,0.0,0.0,0.0,
420,1779187421,418,1,0,5,0.07,4529.468,260.13,0.0,0.0,0.0,tp 4529.616
421,1779465000,421,0,1,3,0.16,4515.197,0.0,-0.88,0.0,0.0,LTA VWAP-DevPOC PD-VA MOM
422,1779467140,421,1,0,4,0.16,4522.771,-121.19,0.0,0.0,0.0,sl 4522.506
423,1779468000,423,0,1,3,0.15,4519.714,0.0,-0.83,0.0,0.0,LTA VWAP-DevPOC PD-VA MOM
424,1779468300,423,1,0,3,0.07,4515.146,31.98,0.0,0.0,0.0,
425,1779469620,423,1,0,4,0.08,4519.753,-0.31,0.0,0.0,0.0,sl 4519.714
426,1779470400,426,0,1,3,0.18,4514.848,0.0,-0.99,0.0,0.0,LTA VWAP-DevPOC PD-VA MOM
427,1779470890,426,1,0,4,0.18,4521.735,-123.97,0.0,0.0,0.0,sl 4521.624
428,1779669900,428,0,1,3,0.24,4571.575,0.0,-1.32,0.0,0.0,LTA VWAP-DevPOC PD-VA MOM
429,1779670177,428,1,0,4,0.24,4576.216,-111.38,0.0,0.0,0.0,sl 4576.137
430,1779671400,430,0,1,3,0.08,4562.359,0.0,-0.44,0.0,0.0,LTA VWAP-DevPOC PD-VA MOM
431,1779709534,430,1,0,4,0.08,4577.231,-118.98,0.0,0.0,0.0,sl 4577.224
432,1779844800,432,0,1,3,0.22,4516.294,0.0,-1.21,0.0,0.0,LTA VWAP-DevPOC PD-VA MOM
433,1779846900,432,1,0,3,0.11,4507.572,95.94,0.0,0.0,0.0,
434,1779847645,432,1,0,5,0.11,4503.004,146.19,0.0,0.0,0.0,tp 4503.040
435,1779852900,435,0,1,3,0.17,4504.793,0.0,-0.94,0.0,0.0,LTA VWAP-DevPOC PD-VA MOM
436,1779853008,435,1,0,5,0.17,4502.998,30.51,0.0,0.0,0.0,tp 4503.040
437,1779858000,437,0,1,3,0.16,4510.42,0.0,-0.88,0.0,0.0,LTA VWAP-DevPOC PD-VA MOM
438,1779859200,437,1,0,3,0.08,4505.864,36.45,0.0,0.0,0.0,
439,1779859923,437,1,0,5,0.08,4502.906,60.11,0.0,0.0,0.0,tp 4503.040
440,1779930300,440,0,1,3,0.09,4446.007,0.0,-0.5,0.0,0.0,LTA VWAP-DevPOC PD-VA MOM
441,1779930600,440,1,0,3,0.04,4444.816,4.77,0.0,0.0,0.0,
442,1779930622,440,1,0,4,0.05,4446.014,-0.03,0.0,0.0,0.0,sl 4446.007
443,1779930900,443,0,1,3,0.06,4438.373,0.0,-0.33,0.0,0.0,LTA VWAP-DevPOC PD-VA MOM
444,1779931200,443,1,0,3,0.03,4433.735,13.91,0.0,0.0,0.0,
445,1779933884,443,1,0,5,0.03,4403.32,105.16,0.0,0.0,0.0,tp 4403.340
446,1780361400,446,0,1,3,0.11,4481.556,0.0,-0.61,0.0,0.0,LTA VWAP-DevPOC PD-VA MOM
447,1780362000,446,1,0,3,0.05,4481.25,1.53,0.0,0.0,0.0,
448,1780362000,446,1,0,4,0.06,4481.622,-0.39,0.0,0.0,0.0,sl 4481.556
449,1780364400,449,0,1,3,0.11,4482.035,0.0,-0.61,0.0,0.0,LTA VWAP-DevPOC PD-VA MOM
450,1780364700,449,1,0,3,0.05,4479.986,10.25,0.0,0.0,0.0,
451,1780364772,449,1,0,4,0.06,4482.089,-0.32,0.0,0.0,0.0,sl 4482.035
452,1780416900,452,0,1,3,0.23,4498.355,0.0,-1.27,0.0,0.0,LTA VWAP-DevPOC PD-VA MOM
453,1780417200,452,1,0,3,0.11,4495.06,36.25,0.0,0.0,0.0,
454,1780442608,452,1,0,5,0.12,4467.581,369.29,0.0,0.0,0.0,tp 4467.703
455,1780533600,455,0,1,3,0.18,4446.887,0.0,-0.99,0.0,0.0,LTA VWAP-DevPOC PD-VA MOM
456,1780534971,455,1,0,4,0.18,4453.782,-124.11,0.0,0.0,0.0,sl 4453.574
457,1780539000,457,0,1,3,0.13,4458.55,0.0,-0.72,0.0,0.0,LTA VWAP-DevPOC PD-VA MOM
458,1780540800,457,1,0,3,0.06,4458.23,1.92,0.0,0.0,0.0,
459,1780540801,457,1,0,4,0.07,4458.588,-0.27,0.0,0.0,0.0,sl 4458.550
460,1780560900,460,0,1,3,0.16,4460.6,0.0,-0.88,0.0,0.0,LTA VWAP-DevPOC PD-VA MOM
461,1780561841,460,1,0,4,0.16,4468.458,-125.73,0.0,0.0,0.0,sl 4468.391
462,1780881300,462,0,1,3,0.07,4327.433,0.0,-0.39,0.0,0.0,LTA VWAP-DevPOC PD-VA MOM
463,1780881544,462,1,0,5,0.07,4315.411,84.15,0.0,0.0,0.0,tp 4315.451
464,1780979700,464,0,1,3,0.18,4325.668,0.0,-0.99,0.0,0.0,LTA VWAP-DevPOC PD-VA MOM
465,1780981159,464,1,0,4,0.18,4332.342,-120.14,0.0,0.0,0.0,sl 4332.334
466,1780988400,466,0,1,3,0.12,4331.17,0.0,-0.66,0.0,0.0,LTA VWAP-DevPOC PD-VA MOM
467,1780989300,466,1,0,3,0.06,4326.163,30.04,0.0,0.0,0.0,
468,1780990110,466,1,0,4,0.06,4331.215,-0.27,0.0,0.0,0.0,sl 4331.170
469,1780990500,469,0,1,3,0.2,4326.194,0.0,-1.1,0.0,0.0,LTA VWAP-DevPOC PD-VA MOM
470,1780990800,469,1,0,3,0.1,4325.622,5.72,0.0,0.0,0.0,
471,1780990801,469,1,0,4,0.1,4326.21,-0.16,0.0,0.0,0.0,sl 4326.194
472,1780992300,472,0,1,3,0.17,4323.332,0.0,-0.94,0.0,0.0,LTA VWAP-DevPOC PD-VA MOM
473,1780992706,472,1,0,4,0.17,4330.701,-125.28,0.0,0.0,0.0,sl 4330.506
474,1781694300,474,0,1,3,0.17,4328.44,0.0,-0.94,0.0,0.0,LTA VWAP-DevPOC PD-VA MOM
475,1781694600,474,1,0,3,0.08,4328.488,-0.38,0.0,0.0,0.0,
476,1781697380,474,1,0,5,0.09,4321.862,59.2,0.0,0.0,0.0,tp 4321.890
477,1781751600,477,0,1,3,0.14,4311.135,0.0,-0.77,0.0,0.0,LTA VWAP-DevPOC PD-VA MOM
478,1781753594,477,1,0,4,0.14,4319.759,-120.74,0.0,0.0,0.0,sl 4319.619
479,1781757600,479,0,1,3,0.2,4312.811,0.0,-1.1,0.0,0.0,LTA VWAP-DevPOC PD-VA MOM
480,1781757900,479,1,0,3,0.1,4310.331,24.8,0.0,0.0,0.0,
481,1781758078,479,1,0,4,0.1,4312.89,-0.79,0.0,0.0,0.0,sl 4312.811
482,1781761500,482,0,1,3,0.08,4310.846,0.0,-0.44,0.0,0.0,LTA VWAP-DevPOC PD-VA MOM
483,1781761800,482,1,0,3,0.04,4303.053,31.17,0.0,0.0,0.0,
484,1781773212,482,1,0,5,0.04,4264.886,183.84,0.0,0.0,0.0,tp 4264.957
485,1781773800,485,0,1,3,0.1,4266.063,0.0,-0.55,0.0,0.0,LTA VWAP-DevPOC PD-VA MOM
486,1781773801,485,1,0,5,0.1,4264.923,11.4,0.0,0.0,0.0,tp 4264.957
487,1781774701,487,0,1,3,0.2,4267.654,0.0,-1.1,0.0,0.0,LTA VWAP-DevPOC PD-VA MOM
488,1781775234,487,1,0,5,0.2,4264.897,55.14,0.0,0.0,0.0,tp 4264.957
489,1782084900,489,0,1,3,0.11,4148.025,0.0,-0.61,0.0,0.0,LTA VWAP-DevPOC PD-VA MOM
490,1782085200,489,1,0,3,0.05,4144.564,17.31,0.0,0.0,0.0,
491,1782085625,489,1,0,5,0.06,4140.791,43.4,0.0,0.0,0.0,tp 4140.804
492,1782348000,492,0,1,3,0.06,3982.93,0.0,-0.33,0.0,0.0,LTA VWAP-DevPOC PD-VA MOM
493,1782349346,492,1,0,4,0.06,4003.715,-124.71,0.0,0.0,0.0,sl 4003.677
494,1782357000,494,0,1,3,0.08,3973.433,0.0,-0.44,0.0,0.0,LTA VWAP-DevPOC PD-VA MOM
495,1782357300,494,1,0,3,0.04,3970.576,11.43,0.0,0.0,0.0,
496,1782357406,494,1,0,4,0.04,3973.525,-0.37,0.0,0.0,0.0,sl 3973.433
497,1782357900,497,0,1,3,0.11,3973.386,0.0,-0.61,0.0,0.0,LTA VWAP-DevPOC PD-VA MOM
498,1782358800,497,1,0,3,0.05,3971.791,7.97,0.0,0.0,0.0,
499,1782358984,497,1,0,4,0.06,3973.448,-0.37,0.0,0.0,0.0,sl 3973.386
500,1782366000,500,0,1,3,0.08,3984.775,0.0,-0.44,0.0,0.0,LTA VWAP-DevPOC PD-VA MOM
501,1782366300,500,1,0,3,0.04,3983.299,5.9,0.0,0.0,0.0,
502,1782366624,500,1,0,4,0.04,3984.801,-0.1,0.0,0.0,0.0,sl 3984.775
503,1782368100,503,0,1,3,0.13,3980.176,0.0,-0.72,0.0,0.0,LTA VWAP-DevPOC PD-VA MOM
504,1782368400,503,1,0,3,0.06,3974.885,31.75,0.0,0.0,0.0,
505,1782368435,503,1,0,4,0.07,3980.198,-0.16,0.0,0.0,0.0,sl 3980.176
506,1782370500,506,0,1,3,0.16,3977.584,0.0,-0.88,0.0,0.0,LTA VWAP-DevPOC PD-VA MOM
507,1782371355,506,1,0,4,0.16,3985.336,-124.04,0.0,0.0,0.0,sl 3985.259
508,1782440400,508,0,1,3,0.1,4009.219,0.0,-0.55,0.0,0.0,LTA VWAP-DevPOC PD-VA MOM
509,1782451806,508,1,0,4,0.1,4021.601,-123.82,0.0,0.0,0.0,sl 4021.574
510,1782453600,510,0,1,3,0.15,4008.275,0.0,-0.83,0.0,0.0,LTA VWAP-DevPOC PD-VA MOM
511,1782454895,510,1,0,4,0.15,4016.24,-119.47,0.0,0.0,0.0,sl 4016.233
512,1782866400,512,0,1,3,0.2,4001.324,0.0,-1.1,0.0,0.0,LTA VWAP-DevPOC PD-VA MOM
513,1782866700,512,1,0,3,0.1,3996.274,50.5,0.0,0.0,0.0,
514,1782868113,512,1,0,5,0.1,3983.819,175.05,0.0,0.0,0.0,tp 3983.874
515,1783384800,515,0,1,3,0.1,4150.979,0.0,-0.55,0.0,0.0,LTA VWAP-DevPOC PD-VA MOM
516,1783385100,515,1,0,3,0.05,4149.549,7.15,0.0,0.0,0.0,
517,1783385120,515,1,0,4,0.05,4151.0,-0.1,0.0,0.0,0.0,sl 4150.979
518,1783386000,518,0,1,3,0.15,4145.903,0.0,-0.83,0.0,0.0,LTA VWAP-DevPOC PD-VA MOM
519,1783386600,518,1,0,3,0.07,4141.59,30.19,0.0,0.0,0.0,
520,1783387001,518,1,0,5,0.08,4135.519,83.07,0.0,0.0,0.0,tp 4135.567
521,1783387200,521,0,1,3,0.1,4136.287,0.0,-0.55,0.0,0.0,LTA VWAP-DevPOC PD-VA MOM
522,1783387200,521,1,0,5,0.1,4135.451,8.36,0.0,0.0,0.0,tp 4135.567
523,1783390200,523,0,1,3,0.16,4138.507,0.0,-0.88,0.0,0.0,LTA VWAP-DevPOC PD-VA MOM
524,1783392527,523,1,0,5,0.16,4135.527,47.68,0.0,0.0,0.0,tp 4135.567
525,1783558500,525,0,1,3,0.12,4070.87,0.0,-0.66,0.0,0.0,LTA VWAP-DevPOC PD-VA MOM
526,1783559100,525,1,0,3,0.06,4067.881,17.93,0.0,0.0,0.0,
527,1783559191,525,1,0,4,0.06,4070.878,-0.05,0.0,0.0,0.0,sl 4070.870
528,1783560600,528,0,1,3,0.11,4067.444,0.0,-0.61,0.0,0.0,LTA VWAP-DevPOC PD-VA MOM
529,1783563036,528,1,0,4,0.11,4077.802,-113.94,0.0,0.0,0.0,sl 4077.789
530,1783907700,530,0,1,3,0.08,4074.001,0.0,-0.44,0.0,0.0,LTA VWAP-DevPOC PD-VA MOM
531,1783907714,530,1,0,5,0.08,4072.323,13.43,0.0,0.0,0.0,tp 4072.344
532,1784289900,532,0,1,3,0.14,3990.384,0.0,-0.77,0.0,0.0,LTA VWAP-DevPOC PD-VA MOM
533,1784289946,532,1,0,5,0.14,3989.242,15.99,0.0,0.0,0.0,tp 3989.385
534,1784502900,534,0,1,3,0.25,3991.199,0.0,-1.38,0.0,0.0,LTA VWAP-DevPOC PD-VA MOM
535,1784505146,534,1,0,4,0.25,3996.202,-125.07,0.0,0.0,0.0,sl 3996.061
536,1784511900,536,0,1,3,0.13,3997.219,0.0,-0.72,0.0,0.0,LTA VWAP-DevPOC PD-VA MOM
537,1784512970,536,1,0,4,0.13,4006.619,-122.2,0.0,0.0,0.0,sl 4006.580
538,1784856600,538,0,1,3,0.34,4042.877,0.0,-1.87,0.0,0.0,LTA VWAP-DevPOC PD-VA MOM
539,1784857327,538,1,0,4,0.34,4046.42,-120.46,0.0,0.0,0.0,sl 4046.419
540,1785122700,540,0,1,3,0.29,4090.044,0.0,-1.6,0.0,0.0,LTA VWAP-DevPOC PD-VA MOM
541,1785123000,540,1,0,3,0.14,4085.748,60.15,0.0,0.0,0.0,
542,1785123281,540,1,0,4,0.15,4090.087,-0.65,0.0,0.0,0.0,sl 4090.044
543,1785286200,543,0,1,3,0.17,4021.21,0.0,-0.94,0.0,0.0,LTA VWAP-DevPOC PD-VA MOM
544,1785286837,543,1,0,5,0.17,4018.266,50.05,0.0,0.0,0.0,tp 4018.276
545,1785300600,545,0,1,3,0.31,4023.931,0.0,-1.71,0.0,0.0,LTA VWAP-DevPOC PD-VA MOM
546,1785301000,545,1,0,4,0.31,4027.837,-121.09,0.0,0.0,0.0,sl 4027.734
547,1785327600,547,0,1,3,0.09,4018.782,0.0,-0.5,0.0,0.0,LTA VWAP-DevPOC PD-VA MOM
548,1785327617,547,1,0,5,0.09,4018.246,4.83,0.0,0.0,0.0,tp 4018.276
549,1785711000,549,0,1,3,0.28,4065.077,0.0,-1.54,0.0,0.0,LTA VWAP-DevPOC PD-VA MOM
550,1785712672,549,1,0,4,0.28,4069.115,-113.06,0.0,0.0,0.0,sl 4069.095
551,1785805200,551,0,1,3,0.12,4048.937,0.0,-0.66,0.0,0.0,LTA VWAP-DevPOC PD-VA MOM
552,1785805500,551,1,0,3,0.06,4047.041,11.37,0.0,0.0,0.0,
553,1785805599,551,1,0,5,0.06,4043.4,33.22,0.0,0.0,0.0,tp 4043.417
554,1785815100,554,0,1,3,0.19,4053.092,0.0,-1.05,0.0,0.0,LTA VWAP-DevPOC PD-VA MOM
555,1785817076,554,1,0,4,0.19,4059.29,-117.76,0.0,0.0,0.0,sl 4059.248
556,1785825300,556,0,1,3,0.14,4057.024,0.0,-0.77,0.0,0.0,LTA VWAP-DevPOC PD-VA MOM
557,1785826910,556,1,0,4,0.14,4065.521,-118.95,0.0,0.0,0.0,sl 4065.358
558,1786497300,558,0,0,3,0.09,4390.519,0.0,-0.5,0.0,0.0,LTA VWAP-DevPOC PD-VA MOM
559,1786497600,558,1,1,3,0.04,4391.495,3.9,0.0,0.0,0.0,
560,1786497698,558,1,1,4,0.05,4390.467,-0.26,0.0,0.0,0.0,sl 4390.519
561,1786499101,561,0,0,3,0.14,4393.03,0.0,-0.77,0.0,0.0,LTA VWAP-DevPOC PD-VA MOM
562,1786499700,561,1,1,3,0.07,4394.934,13.33,0.0,0.0,0.0,
563,1786500619,561,1,1,5,0.07,4399.8,47.39,0.0,0.0,0.0,tp 4399.734
564,1786516800,564,0,0,3,0.16,4393.783,0.0,-0.88,0.0,0.0,LTA VWAP-DevPOC PD-VA MOM
565,1786517100,564,1,1,3,0.08,4394.614,6.65,0.0,0.0,0.0,
566,1786517316,564,1,1,5,0.08,4399.76,47.82,0.0,0.0,0.0,tp 4399.734
567,1786626000,567,0,0,3,0.11,4402.175,0.0,-0.61,0.0,0.0,LTA VWAP-DevPOC PD-VA MOM
568,1786627111,567,1,1,4,0.11,4390.8,-125.13,0.0,0.0,0.0,sl 4390.801
569,1787060400,569,0,0,3,0.04,4402.767,0.0,-0.22,0.0,0.0,LTA VWAP-DevPOC PD-VA MOM
570,1787061900,569,1,1,3,0.02,4404.316,3.1,0.0,0.0,0.0,
571,1787061937,569,1,1,4,0.02,4402.732,-0.07,0.0,0.0,0.0,sl 4402.767
572,1787527500,572,0,0,3,0.17,4612.961,0.0,-0.94,0.0,0.0,LTA VWAP-DevPOC PD-VA MOM
573,1787527800,572,1,1,3,0.08,4615.314,18.82,0.0,0.0,0.0,
574,1787528447,572,1,1,4,0.09,4612.878,-0.75,0.0,0.0,0.0,sl 4612.961
575,1787529000,575,0,0,3,0.15,4615.074,0.0,-0.83,0.0,0.0,LTA VWAP-DevPOC PD-VA MOM
576,1787529300,575,1,1,3,0.07,4622.679,53.23,0.0,0.0,0.0,
577,1787529909,575,1,1,5,0.08,4632.432,138.87,0.0,0.0,0.0,tp 4632.194
578,1787672100,578,0,0,3,0.09,4648.87,0.0,-0.5,0.0,0.0,LTA VWAP-DevPOC PD-VA MOM
579,1787672400,578,1,1,3,0.04,4655.788,27.67,0.0,0.0,0.0,
580,1787673845,578,1,1,4,0.05,4648.864,-0.03,0.0,0.0,0.0,sl 4648.870
581,1787676000,581,0,0,3,0.15,4644.435,0.0,-0.83,0.0,0.0,LTA VWAP-DevPOC PD-VA MOM
582,1787676601,581,1,1,3,0.07,4645.43,6.96,0.0,0.0,0.0,
583,1787676659,581,1,1,4,0.08,4644.374,-0.49,0.0,0.0,0.0,sl 4644.435
584,1787679600,584,0,0,3,0.16,4643.011,0.0,-0.88,0.0,0.0,LTA VWAP-DevPOC PD-VA MOM
585,1787679900,584,1,1,3,0.08,4643.237,1.81,0.0,0.0,0.0,
586,1787680236,584,1,1,4,0.08,4642.979,-0.26,0.0,0.0,0.0,sl 4643.011
587,1787680800,587,0,0,3,0.18,4648.453,0.0,-0.99,0.0,0.0,LTA VWAP-DevPOC PD-VA MOM
588,1787682000,587,1,1,3,0.09,4648.894,3.9699999999999998,0.0,0.0,0.0,
589,1787682010,587,1,1,4,0.09,4648.427,-0.24,0.0,0.0,0.0,sl 4648.453
590,1787684400,590,0,0,3,0.2,4654.52,0.0,-1.1,0.0,0.0,LTA VWAP-DevPOC PD-VA MOM
591,1787685000,590,1,1,3,0.1,4659.004,44.84,0.0,0.0,0.0,
592,1787685390,590,1,1,5,0.1,4665.335,108.15,0.0,0.0,0.0,tp 4665.038
593,1788482700,593,0,0,3,0.12,4482.419,0.0,-0.66,0.0,0.0,LTA VWAP-DevPOC PD-VA MOM
594,1788483600,593,1,1,3,0.06,4486.553,24.81,0.0,0.0,0.0,
595,1788483713,593,1,1,4,0.06,4482.289,-0.78,0.0,0.0,0.0,sl 4482.419
596,1788490500,596,0,0,3,0.12,4479.412,0.0,-0.66,0.0,0.0,LTA VWAP-DevPOC PD-VA MOM
597,1788493487,596,1,1,4,0.12,4469.377,-120.42,0.0,0.0,0.0,sl 4469.419
598,1788995100,598,0,0,3,0.21,4402.81,0.0,-1.16,0.0,0.0,LTA VWAP-DevPOC PD-VA MOM
599,1788996286,598,1,1,4,0.21,4397.358,-114.49,0.0,0.0,0.0,sl 4397.365
600,1789000800,600,0,0,3,0.15,4398.558,0.0,-0.83,0.0,0.0,LTA VWAP-DevPOC PD-VA MOM
601,1789001100,600,1,1,3,0.07,4401.034,17.33,0.0,0.0,0.0,
602,1789001240,600,1,1,4,0.08,4398.52,-0.3,0.0,0.0,0.0,sl 4398.558
603,1789002600,603,0,0,3,0.07,4418.115,0.0,-0.39,0.0,0.0,LTA VWAP-DevPOC PD-VA MOM
604,1789008000,603,1,1,3,0.03,4418.597,1.44,0.0,0.0,0.0,
605,1789008087,603,1,1,4,0.04,4417.994,-0.48,0.0,0.0,0.0,sl 4418.115
606,1789010400,606,0,0,3,0.32,4414.533,0.0,-1.76,0.0,0.0,LTA VWAP-DevPOC PD-VA MOM
607,1789010781,606,1,1,4,0.32,4410.897,-116.36,0.0,0.0,0.0,sl 4410.903
608,1789607100,608,0,0,3,0.06,4297.572,0.0,-0.33,0.0,0.0,LTA VWAP-DevPOC PD-VA MOM
609,1789613637,608,1,1,4,0.06,4276.334,-127.43,0.0,0.0,0.0,sl 4276.338
610,1789616700,610,0,0,3,0.11,4296.151,0.0,-0.61,0.0,0.0,LTA VWAP-DevPOC PD-VA MOM
611,1789646400,610,1,1,3,0.05,4349.767,268.08,0.0,0.0,0.0,
612,1789647383,610,1,1,5,0.06,4357.948,370.78,0.0,0.0,0.0,tp 4357.940
613,1789693500,613,0,0,3,0.11,4362.437,0.0,-0.61,0.0,0.0,LTA VWAP-DevPOC PD-VA MOM
614,1789695199,613,1,1,4,0.11,4351.739,-117.68,0.0,0.0,0.0,sl 4351.747
615,1789703100,615,0,0,3,0.07,4357.512,0.0,-0.39,0.0,0.0,LTA VWAP-DevPOC PD-VA MOM
616,1789708200,615,1,1,3,0.03,4368.35,32.51,0.0,0.0,0.0,
617,1789711219,615,1,1,5,0.04,4381.4,95.55,0.0,0.0,0.0,tp 4381.343
618,1789749000,618,0,0,3,0.07,4377.465,0.0,-0.39,0.0,0.0,LTA VWAP-DevPOC PD-VA MOM
619,1789749214,618,1,1,5,0.07,4381.547,28.57,0.0,0.0,0.0,tp 4381.343
620,1789951200,620,0,0,3,0.14,4374.135,0.0,-0.77,0.0,0.0,LTA VWAP-DevPOC PD-VA MOM
621,1789951794,620,1,1,4,0.14,4364.929,-128.88,0.0,0.0,0.0,sl 4365.051
622,1790214300,622,0,1,3,0.11,4289.991,0.0,-0.61,0.0,0.0,LTA VWAP-DevPOC PD-VA MOM
623,1790214600,622,1,0,3,0.05,4283.985,30.03,0.0,0.0,0.0,
624,1790215221,622,1,0,5,0.06,4276.041,83.7,0.0,0.0,0.0,tp 4276.078
625,1790221501,625,0,1,3,0.2,4281.656,0.0,-1.1,0.0,0.0,LTA VWAP-DevPOC PD-VA MOM
626,1790223503,625,1,0,4,0.2,4287.786,-122.6,0.0,0.0,0.0,sl 4287.578
627,1790223900,627,0,1,3,0.3,4284.863,0.0,-1.65,0.0,0.0,LTA VWAP-DevPOC PD-VA MOM
628,1790224488,627,1,0,4,0.3,4288.942,-122.37,0.0,0.0,0.0,sl 4288.766
629,1790304600,629,0,1,3,0.15,4280.822,0.0,-0.83,0.0,0.0,LTA VWAP-DevPOC PD-VA MOM
630,1790308200,629,1,0,3,0.07,4271.769,63.37,0.0,0.0,0.0,
631,1790313042,629,1,0,5,0.08,4257.878,183.56,0.0,0.0,0.0,tp 4258.051
632,1790315700,632,0,1,3,0.15,4268.267,0.0,-0.83,0.0,0.0,LTA VWAP-DevPOC PD-VA MOM
633,1790316000,632,1,0,3,0.07,4266.776,10.44,0.0,0.0,0.0,
634,1790316003,632,1,0,4,0.08,4268.369,-0.81,0.0,0.0,0.0,sl 4268.267
635,1790316600,635,0,1,3,0.24,4268.211,0.0,-1.32,0.0,0.0,LTA VWAP-DevPOC PD-VA MOM
636,1790316713,635,1,0,4,0.24,4273.151,-118.56,0.0,0.0,0.0,sl 4273.116
637,1790343000,637,0,1,3,0.08,4278.629,0.0,-0.44,0.0,0.0,LTA VWAP-DevPOC PD-VA MOM
638,1790345090,637,1,0,5,0.08,4257.987,165.13,0.0,0.0,0.0,tp 4258.051
639,1790345100,639,0,1,3,0.05,4258.279,0.0,-0.28,0.0,0.0,LTA VWAP-DevPOC PD-VA MOM
640,1790345110,639,1,0,5,0.05,4258.001,1.3900000000000001,0.0,0.0,0.0,tp 4258.051
